0.005283481805463849, 0.0, 0.0, 0.0, 0.005434919182053577, 0.0, 0.0, 0.0, 0.0, 0.0, 0.0
0.00314312903940885, 0.0, 0.002751302655092299, 0.0, 0.0032332187252517787, 0.0, 0.00327493767654535, 0.0, 0.0, 0.0, 0.0
0.0, 0.0, 0.0, 0.0, 0.0, 0.0, 0.0, 0.0, 0.0, 0.0, 0.00881913217181834
0.005283481805463849, 0.0, 0.0, 0.0, 0.005434919182053577, 0.0, 0.0, 0.0, 0.0, 0.0, 0.0
0.0, 0.0, 0.0, 0.0, 0.0, 0.0, 0.007738077260434156, 0.0, 0.0, 0.0, 0.0
0.007426637618373339, 0.0, 0.0, 0.0, 0.0, 0.0, 0.0, 0.0, 0.0, 0.0, 0.0
0.0, 0.0, 0.0, 0.0, 0.0, 0.0, 0.007738077260434156, 0.0, 0.0, 0.0, 0.0
0.0, 0.010501936142552758, 0.0, 0.0, 0.0, 0.0, 0.0, 0.0, 0.0, 0.0, 0.0
0.0, 0.0, 0.0, 0.0, 0.0, 0.0, 0.007738077260434156, 0.0, 0.0, 0.0, 0.0
0.005283481805463849, 0.0, 0.0, 0.0, 0.005434919182053577, 0.0, 0.0, 0.0, 0.0, 0.0, 0.0
0.0, 0.007380935233029503, 0.0, 0.0, 0.0, 0.0, 0.0, 0.0, 0.0, 0.0, 0.0
-0.0647773207100155, -0.06437869104410772, -0.04536167932647157, -0.046348582951058565, -0.0799607946089236, -0.042268837554212145, -0.06749378899785487, -0.04828401828308079, -0.03670714840234212, -0.06139954168427881, -0.023076920502943025
0.0, 0.0, 0.0, 0.0, 0.0, 0.0, 0.0, 0.0, 0.0, 0.0054149073380013275, 0.0
0.010566963610927698, 0.0, 0.0, 0.0, 0.0, 0.0, 0.0, 0.0, 0.0, 0.0, 0.0
-0.0, -0.0012922514799234052, -0.0011381618725612647, -0.0026581122213614346, -0.0, -0.0021211198534096297, -0.005419119109356215, -0.003230628699808513, -0.002105171583835121, -0.0, -0.003088100963052255
0.0, 0.0, 0.0, 0.0, 0.007639503027817161, 0.0, 0.0, 0.0, 0.0, 0.0, 0.0
0.0, 0.0, 0.0, 0.0, 0.007639503027817161, 0.0, 0.0, 0.0, 0.0, 0.0, 0.0
0.0, 0.0, 0.0, 0.0, 0.0, 0.0, 0.0, 0.0, 0.0, 0.0054149073380013275, 0.0
0.0, 0.005250968071276379, 0.0, 0.0, 0.005434919182053577, 0.0, 0.0, 0.0, 0.0, 0.0, 0.0
0.0, 0.0, 0.0, 0.0, 0.0, 0.0, 0.0, 0.006150779360857919, 0.0, 0.0, 0.0
0.0, 0.0, 0.0, 0.0, 0.0, 0.004309506624153594, 0.0, 0.004375806726063649, 0.0, 0.0, 0.0
0.005283481805463849, 0.0, 0.0, 0.0, 0.005434919182053577, 0.0, 0.0, 0.0, 0.0, 0.0, 0.0
0.0, 0.007380935233029503, 0.0, 0.0, 0.0, 0.0, 0.0, 0.0, 0.0, 0.0, 0.0
0.0, 0.001881770851895796, 0.0, 0.0019353655913485243, 0.0, 0.003088765287202696, 0.0, 0.0, 0.0015327707440253976, 0.0013805316633547036, 0.0
0.0, 0.005250968071276379, 0.0046248363771404415, 0.0, 0.0, 0.0, 0.0, 0.0, 0.0, 0.0, 0.0
0.0, 0.0024399769708604965, 0.0, 0.0, 0.0025254538711135715, 0.0, 0.005116080745352654, 0.0, 0.001987449913608174, 0.0, 0.0
0.0, 0.0, 0.0, 0.0, 0.0, 0.0, 0.0, 0.006150779360857919, 0.0, 0.0, 0.0
0.0, 0.0, 0.0, 0.0, 0.0, 0.0, 0.007738077260434156, 0.0, 0.0, 0.0, 0.0
0.007426637618373339, 0.0, 0.0, 0.0, 0.0, 0.0, 0.0, 0.0, 0.0, 0.0, 0.0
0.0, 0.0, 0.0, 0.0, 0.0, 0.0, 0.0, 0.0, 0.006012039976778417, 0.0, 0.0
-0.0009182993906999454, -0.0009126483175264072, -0.0, -0.002815924397431162, -0.0018892401477457476, -0.0, -0.0, -0.0030421610584213574, -0.0, -0.00066955012008145, -0.0032714415793685557
0.0, 0.0, 0.0, 0.0, 0.0, 0.0, 0.007738077260434156, 0.0, 0.0, 0.0, 0.0
0.0, 0.007380935233029503, 0.0, 0.0, 0.0, 0.0, 0.0, 0.0, 0.0, 0.0, 0.0
0.0, 0.0, 0.0, 0.0, 0.0, 0.0, 0.0, 0.0, 0.006012039976778417, 0.0, 0.0
0.0, 0.007380935233029503, 0.0, 0.0, 0.0, 0.0, 0.0, 0.0, 0.0, 0.0, 0.0
0.0, 0.0, 0.0, 0.004120273875307915, 0.0, 0.0, 0.004200021111604197, 0.0, 0.0, 0.0, 0.0047867887669018425
0.0, 0.0, 0.002751302655092299, 0.0, 0.0, 0.0, 0.0, 0.0, 0.0, 0.006875151329993624, 0.0
0.0, 0.0, 0.0012420829205019844, 0.0, 0.0, 0.0011573954486495763, 0.0, 0.0011752015324749544, 0.0011486932272311583, 0.003103805401796155, 0.0
0.0, 0.0, 0.0, 0.0, 0.0, 0.0, 0.0, 0.0, 0.006012039976778417, 0.0, 0.0
0.0, 0.0, 0.0, 0.0, 0.0, 0.0, 0.0, 0.0, 0.006012039976778417, 0.0, 0.0
0.0, 0.0, 0.0, 0.0, 0.0, 0.0, 0.0, 0.0, 0.00855420863741766, 0.0, 0.0
0.0, 0.0, 0.0, 0.0, 0.007639503027817161, 0.0, 0.0, 0.0, 0.0, 0.0, 0.0
-0.0013002530370746336, -0.005169005919693621, -0.0, -0.0013290561106807173, -0.0, -0.0021211198534096297, -0.0013547797773390538, -0.003230628699808513, -0.0, -0.002844120074323521, -0.003088100963052255
0.007426637618373339, 0.0, 0.0, 0.0, 0.0, 0.0, 0.0, 0.0, 0.0, 0.0, 0.0
0.0, 0.0, 0.0046248363771404415, 0.0, 0.0, 0.004309506624153594, 0.0, 0.0, 0.0, 0.0, 0.0
0.0, 0.0, 0.0, 0.0, 0.0, 0.0032878953146396497, 0.004200021111604197, 0.0, 0.003263174297236344, 0.0, 0.0
0.0, 0.004006173983376312, 0.0, 0.0, 0.0, 0.0, 0.004200021111604197, 0.0033384783194802597, 0.0, 0.0, 0.0
0.0062862580788177, 0.0031237867068586414, 0.0, 0.0, 0.0032332187252517787, 0.0, 0.0, 0.0, 0.0, 0.0, 0.0
-0.001115333638658255, -0.0, -0.0029288842706228974, -0.0, -0.0022946036005516966, -0.0018194584105384666, -0.0, -0.0009237250391964522, -0.0009028891360566826, -0.0048792699587352105, -0.0
0.000646192045351349, 0.0009633232183776264, 0.0005656369394267906, 0.0003302532130514014, 0.0, 0.0, 0.0, 0.0, 0.0, 0.0, 0.0007673530538547269
0.0, 0.008012347966752624, 0.0, 0.0, 0.004146517657953189, 0.0, 0.0, 0.0, 0.0, 0.0, 0.0
0.005283481805463849, 0.0, 0.0, 0.0, 0.005434919182053577, 0.0, 0.0, 0.0, 0.0, 0.0, 0.0
0.0, 0.0, 0.0, 0.0, 0.0, 0.008619013248307187, 0.0, 0.0, 0.0, 0.0, 0.0
0.005283481805463849, 0.0, 0.0, 0.0, 0.005434919182053577, 0.0, 0.0, 0.0, 0.0, 0.0, 0.0
0.005283481805463849, 0.0, 0.0, 0.0, 0.0, 0.0, 0.005505047171499429, 0.0, 0.0, 0.0, 0.0
0.0, 0.0, 0.0, 0.003212755315598286, 0.006466437450503557, 0.0, 0.0, 0.0, 0.0, 0.0, 0.003732465734298009
0.0, 0.0, 0.0, 0.0, 0.0, 0.0, 0.0, 0.006150779360857919, 0.0, 0.0, 0.0
-0.11747754622816085, -0.029188651870535348, -0.07712448664978853, -0.12758489049423086, -0.06042236852180884, -0.09582133189822212, -0.12240402397321276, -0.036485814838169185, -0.08915706633387206, -0.04282759303803155, -0.12206651287769837
0.0, 0.0, 0.0, 0.0, 0.007639503027817161, 0.0, 0.0, 0.0, 0.0, 0.0, 0.0
0.0, 0.0, 0.0, 0.0, 0.0, 0.0, 0.007738077260434156, 0.0, 0.0, 0.0, 0.0
0.0, 0.0, 0.0, 0.0, 0.0, 0.004309506624153594, 0.0, 0.0, 0.00427710431870883, 0.0, 0.0
0.0, 0.0, 0.0, 0.0, 0.0, 0.0, 0.0, 0.0, 0.0, 0.0054149073380013275, 0.0
0.0, 0.0, 0.0012420829205019844, 0.0, 0.0, 0.0, 0.002956958694614401, 0.0, 0.0011486932272311583, 0.003103805401796155, 0.0
0.0, 0.0, 0.0, 0.0, 0.0, 0.0, 0.0, 0.0, 0.0, 0.0054149073380013275, 0.0
-0.0, -0.0033254101411072283, -0.0, -0.002280080792953268, -0.0, -0.0009097292052692333, -0.0, -0.0, -0.0018057782721133651, -0.005692481618524412, -0.001324458695906678
0.0, 0.007380935233029503, 0.0, 0.0, 0.0, 0.0, 0.0, 0.0, 0.0, 0.0, 0.0
0.0, 0.0, 0.0, 0.0, 0.007639503027817161, 0.0, 0.0, 0.0, 0.0, 0.0, 0.0
-0.009068681014958457, -0.009012873747174098, -0.005292111956335287, -0.0030898565061514573, -0.0155476856042016, -0.009862572282261218, -0.0094489805413922, -0.002503576040881694, -0.0073413132025854175, -0.004408102284170928, -0.010769058705263169
0.0, 0.0, 0.0, 0.0075911517428309755, 0.0, 0.0, 0.0, 0.0, 0.0, 0.0, 0.0
0.0, 0.005250968071276379, 0.0046248363771404415, 0.0, 0.0, 0.0, 0.0, 0.0, 0.0, 0.0, 0.0
0.007426637618373339, 0.0, 0.0, 0.0, 0.0, 0.0, 0.0, 0.0, 0.0, 0.0, 0.0
0.0, 0.0, 0.0, 0.0, 0.0, 0.006057585734178254, 0.0, 0.0, 0.0, 0.0, 0.0
0.0, 0.0, 0.0046248363771404415, 0.0, 0.0, 0.0, 0.0, 0.0, 0.0, 0.003852290345744521, 0.0
-0.03168004712892442, -0.02361381974455982, -0.013865386480545512, -0.012143182621806869, -0.012220527734047677, -0.0161500240256354, -0.008252141308582732, -0.016398485933722097, -0.00320571905471259, -0.011549272260318948, -0.0
0.0, 0.0, 0.0, 0.0, 0.0, 0.004309506624153594, 0.0, 0.0, 0.00427710431870883, 0.0, 0.0
0.0, 0.0, 0.0046248363771404415, 0.0, 0.0, 0.0, 0.0, 0.0, 0.00427710431870883, 0.0, 0.0
0.0, 0.0, 0.0, 0.0, 0.0, 0.0, 0.007738077260434156, 0.0, 0.0, 0.0, 0.0
0.0, 0.0, 0.0, 0.0, 0.0, 0.0, 0.0, 0.0, 0.006012039976778417, 0.0, 0.0
0.0, 0.0, 0.0, 0.0, 0.0, 0.0, 0.0, 0.0, 0.0, 0.0054149073380013275, 0.0
-0.0, -0.0002343426491248124, -0.0, -0.0, -0.00024255210498587272, -0.0, -0.00024568180956633555, -0.0007811421637493747, -0.00038176120784743874, -0.0005157654241460318, -0.0
0.0, 0.0, 0.0, 0.0, 0.0, 0.0, 0.0, 0.0, 0.006012039976778417, 0.0, 0.0
0.0, 0.0, 0.0, 0.0, 0.0, 0.0, 0.0, 0.006150779360857919, 0.0, 0.0, 0.0
0.0, 0.005250968071276379, 0.0, 0.0, 0.0, 0.0, 0.0, 0.004375806726063649, 0.0, 0.0, 0.0
0.0, 0.0, 0.0, 0.0, 0.007639503027817161, 0.0, 0.0, 0.0, 0.0, 0.0, 0.0
0.0, 0.0, 0.0, 0.0, 0.0, 0.0, 0.0, 0.006150779360857919, 0.0, 0.0, 0.0
0.0, 0.0, 0.0, 0.0, 0.0, 0.0, 0.0, 0.004375806726063649, 0.0, 0.003852290345744521, 0.0
0.004030980014233131, 0.0, 0.0, 0.0, 0.0, 0.0032878953146396497, 0.0, 0.0, 0.003263174297236344, 0.0, 0.0
-0.006045787343305639, -0.01201716499623213, -0.005292111956335287, -0.006179713012302915, -0.0155476856042016, -0.012328215352826521, -0.0031496601804640663, -0.002503576040881694, -0.01223552200430903, -0.004408102284170928, -0.0035896862350877226
0.0, 0.0, 0.0, 0.0, 0.0, 0.0, 0.0, 0.0, 0.0, 0.0054149073380013275, 0.0
0.0, 0.0, 0.0005659057561681744, 0.0013216406583927618, 0.0, 0.0015819638183792151, 0.0006736104000840529, 0.0005354339077591189, 0.0005233564511931238, 0.0, 0.0
0.004030980014233131, 0.0, 0.0, 0.0, 0.0, 0.0032878953146396497, 0.0, 0.0, 0.003263174297236344, 0.0, 0.0
0.0, 0.0, 0.006500823714727882, 0.0, 0.0, 0.0, 0.0, 0.0, 0.0, 0.0, 0.0
0.0, 0.0, 0.0035284730205888924, 0.00824054775061583, 0.0, 0.0, 0.0, 0.0, 0.0, 0.0, 0.0
0.0, 0.0, 0.0, 0.0075911517428309755, 0.0, 0.0, 0.0, 0.0, 0.0, 0.0, 0.0
0.0, 0.0, 0.0, 0.0, 0.0, 0.0, 0.0, 0.006676956638960519, 0.0, 0.0029390666920932305, 0.0
0.0, 0.0, 0.0, 0.0, 0.0, 0.0, 0.0, 0.0, 0.0, 0.0, 0.00881913217181834
0.0, 0.0, 0.0, 0.004120273875307915, 0.004146517657953189, 0.0, 0.0, 0.0, 0.003263174297236344, 0.0, 0.0
0.0, 0.003763541703791592, 0.001657386251669739, 0.0, 0.0, 0.001544382643601348, 0.0019728242802133345, 0.0, 0.0015327707440253976, 0.0, 0.0
0.0, 0.007380935233029503, 0.0, 0.0, 0.0, 0.0, 0.0, 0.0, 0.0, 0.0, 0.0
0.0, 0.0, 0.0046248363771404415, 0.0, 0.0, 0.0, 0.0, 0.0, 0.0, 0.0, 0.00627413464398832
0.0, 0.0, 0.0, 0.0075911517428309755, 0.0, 0.0, 0.0, 0.0, 0.0, 0.0, 0.0
0.0, 0.0, 0.0, 0.0, 0.0, 0.0, 0.0, 0.0, 0.003263174297236344, 0.0, 0.009573577533803685
0.0, 0.0, 0.0, 0.0, 0.0, 0.0, 0.0, 0.0, 0.0, 0.0, 0.00881913217181834
0.0, 0.0, 0.0035284730205888924, 0.0, 0.0, 0.0065757906292792994, 0.0, 0.0, 0.0, 0.0, 0.0
0.0, 0.0, 0.0, 0.0, 0.0, 0.0, 0.007738077260434156, 0.0, 0.0, 0.0, 0.0
0.0, 0.0014102418389699452, 0.0, 0.004351220863910432, 0.0, 0.0011573954486495763, 0.0014784793473072006, 0.0, 0.0, 0.0, 0.0016850316090633536
-0.004591496953499727, -0.0009126483175264072, -0.0, -0.0, -0.0018892401477457476, -0.0, -0.0, -0.0022816207938160184, -0.0014867704420856258, -0.00066955012008145, -0.001090480526456185
0.0, 0.0, 0.0, 0.0, 0.0, 0.0, 0.0, 0.0, 0.0, 0.0, 0.00881913217181834
0.0, 0.0, 0.0, 0.0, 0.0, 0.0, 0.007738077260434156, 0.0, 0.0, 0.0, 0.0
0.0, 0.0, 0.0, 0.0, 0.0, 0.0, 0.005505047171499429, 0.0, 0.00427710431870883, 0.0, 0.0
0.007426637618373339, 0.0, 0.0, 0.0, 0.0, 0.0, 0.0, 0.0, 0.0, 0.0, 0.0
0.0, 0.0, 0.0, 0.006425510631196572, 0.0, 0.0, 0.00327493767654535, 0.0, 0.0, 0.0, 0.003732465734298009
0.0, 0.0, 0.0, 0.0, 0.0, 0.0, 0.0, 0.0, 0.0, 0.0, 0.00881913217181834
0.0, 0.0, 0.0046248363771404415, 0.0, 0.0, 0.0, 0.0, 0.004375806726063649, 0.0, 0.0, 0.0
0.007426637618373339, 0.0, 0.0, 0.0, 0.0, 0.0, 0.0, 0.0, 0.0, 0.0, 0.0
0.007426637618373339, 0.0, 0.0, 0.0, 0.0, 0.0, 0.0, 0.0, 0.0, 0.0, 0.0
0.0, 0.0, 0.0, 0.0, 0.0, 0.0, 0.007738077260434156, 0.0, 0.0, 0.0, 0.0
0.0, 0.0, 0.0, 0.0, 0.0, 0.0, 0.007738077260434156, 0.0, 0.0, 0.0, 0.0
-0.0, -0.0012922514799234052, -0.004552647490245059, -0.0, -0.0013375214362264544, -0.0, -0.004064339332017161, -0.005384381166347521, -0.0, -0.001896080049549014, -0.0015440504815261275
-0.002754898172099836, -0.0018252966350528145, -0.0, -0.0, -0.0, -0.0007490169272628343, -0.0, -0.0, -0.0022301556631284386, -0.0040173007204887, -0.0
0.0, 0.0, 0.0, 0.0, 0.007639503027817161, 0.0, 0.0, 0.0, 0.0, 0.0, 0.0
0.0, 0.0, 0.0, 0.0, 0.0, 0.0, 0.0, 0.0, 0.0, 0.0, 0.00881913217181834
0.0, 0.007380935233029503, 0.0, 0.0, 0.0, 0.0, 0.0, 0.0, 0.0, 0.0, 0.0
0.0, 0.0, 0.0, 0.0, 0.0, 0.0, 0.007738077260434156, 0.0, 0.0, 0.0, 0.0
0.0, 0.007380935233029503, 0.0, 0.0, 0.0, 0.0, 0.0, 0.0, 0.0, 0.0, 0.0
-0.0014744436228148964, -0.0, -0.002581275285469981, -0.004521316045910236, -0.0030334094915236403, -0.0012026396216394232, -0.0030725502591562033, -0.0, -0.005967986092346009, -0.002150091603472738, -0.0
0.005283481805463849, 0.0, 0.0, 0.0, 0.005434919182053577, 0.0, 0.0, 0.0, 0.0, 0.0, 0.0
0.007426637618373339, 0.0, 0.0, 0.0, 0.0, 0.0, 0.0, 0.0, 0.0, 0.0, 0.0
0.0, 0.0, 0.0, 0.0, 0.0, 0.0065757906292792994, 0.0, 0.0, 0.0, 0.0, 0.0047867887669018425
0.0, 0.0, 0.0, 0.005400520959382351, 0.0, 0.0, 0.0, 0.0, 0.0, 0.003852290345744521, 0.0
0.0, 0.0, 0.006500823714727882, 0.0, 0.0, 0.0, 0.0, 0.0, 0.0, 0.0, 0.0
0.0, 0.0, 0.0, 0.0, 0.0, 0.0, 0.0, 0.0, 0.0, 0.008817200076279692, 0.0
0.0, 0.0, 0.0, 0.0, 0.0, 0.0, 0.007738077260434156, 0.0, 0.0, 0.0, 0.0
0.0, 0.0, 0.006500823714727882, 0.0, 0.0, 0.0, 0.0, 0.0, 0.0, 0.0, 0.0
0.0, 0.0, 0.006500823714727882, 0.0, 0.0, 0.0, 0.0, 0.0, 0.0, 0.0, 0.0
0.0, 0.0, 0.0, 0.0, 0.0, 0.0, 0.0, 0.0, 0.006012039976778417, 0.0, 0.0
0.0, 0.0, 0.006500823714727882, 0.0, 0.0, 0.0, 0.0, 0.0, 0.0, 0.0, 0.0
0.0, 0.0, 0.0, 0.0, 0.0, 0.0, 0.0, 0.008751613452127298, 0.0, 0.0, 0.0
0.0, 0.0, 0.0, 0.0, 0.0, 0.004309506624153594, 0.0, 0.0, 0.0, 0.0, 0.00627413464398832
0.0, 0.0, 0.0, 0.0, 0.0, 0.0, 0.007738077260434156, 0.0, 0.0, 0.0, 0.0
0.0, 0.0, 0.0046248363771404415, 0.0, 0.0, 0.0, 0.0, 0.004375806726063649, 0.0, 0.0, 0.0
-0.0034864715713993867, -0.024255114532104653, -0.0061036873580596306, -0.024945924756120296, -0.007172804570458611, -0.0028437634281868736, -0.0036326784437483934, -0.01443756817387182, -0.005644763496551387, -0.01016821957166593, -0.012420554973110315
0.0, 0.0, 0.0, 0.0, 0.0, 0.0, 0.0, 0.006150779360857919, 0.0, 0.0, 0.0
0.0, 0.005250968071276379, 0.0, 0.0, 0.0, 0.0, 0.0, 0.0, 0.00427710431870883, 0.0, 0.0
0.005283481805463849, 0.0, 0.0, 0.0, 0.0, 0.0, 0.005505047171499429, 0.0, 0.0, 0.0, 0.0
0.0, 0.007380935233029503, 0.0, 0.0, 0.0, 0.0, 0.0, 0.0, 0.0, 0.0, 0.0
0.0, 0.0, 0.0, 0.0, 0.007639503027817161, 0.0, 0.0, 0.0, 0.0, 0.0, 0.0
0.0, 0.0, 0.0, 0.0, 0.0, 0.0, 0.0, 0.0, 0.0, 0.0, 0.00881913217181834
0.0, 0.0, 0.0035284730205888924, 0.0, 0.004146517657953189, 0.0, 0.0, 0.0, 0.003263174297236344, 0.0, 0.0
0.0, 0.0, 0.0, 0.0, 0.007639503027817161, 0.0, 0.0, 0.0, 0.0, 0.0, 0.0
0.007426637618373339, 0.0, 0.0, 0.0, 0.0, 0.0, 0.0, 0.0, 0.0, 0.0, 0.0
0.0, 0.007380935233029503, 0.0, 0.0, 0.0, 0.0, 0.0, 0.0, 0.0, 0.0, 0.0
0.0, 0.0, 0.006500823714727882, 0.0, 0.0, 0.0, 0.0, 0.0, 0.0, 0.0, 0.0
0.007426637618373339, 0.0, 0.0, 0.0, 0.0, 0.0, 0.0, 0.0, 0.0, 0.0, 0.0
0.0, 0.0, 0.0, 0.0, 0.007639503027817161, 0.0, 0.0, 0.0, 0.0, 0.0, 0.0
0.0, 0.0, 0.0, 0.0, 0.0, 0.0, 0.0, 0.006150779360857919, 0.0, 0.0, 0.0
0.0, 0.0, 0.0, 0.0, 0.0, 0.0, 0.0, 0.006150779360857919, 0.0, 0.0, 0.0
0.0, 0.0, 0.0, 0.0, 0.0, 0.0, 0.0, 0.0, 0.0, 0.008817200076279692, 0.0
0.007426637618373339, 0.0, 0.0, 0.0, 0.0, 0.0, 0.0, 0.0, 0.0, 0.0, 0.0
0.0, 0.0, 0.0, 0.0, 0.0, 0.0, 0.0, 0.0, 0.0, 0.0054149073380013275, 0.0
0.007426637618373339, 0.0, 0.0, 0.0, 0.0, 0.0, 0.0, 0.0, 0.0, 0.0, 0.0
0.0, 0.0, 0.0, 0.0, 0.0, 0.0, 0.004200021111604197, 0.0033384783194802597, 0.003263174297236344, 0.0, 0.0
0.0, 0.0, 0.0, 0.0, 0.0, 0.006057585734178254, 0.0, 0.0, 0.0, 0.0, 0.0
0.0, 0.007380935233029503, 0.0, 0.0, 0.0, 0.0, 0.0, 0.0, 0.0, 0.0, 0.0
0.0, 0.0, 0.0, 0.0, 0.0, 0.0, 0.0, 0.0, 0.006012039976778417, 0.0, 0.0
0.0, 0.0, 0.0, 0.0, 0.005434919182053577, 0.0, 0.0, 0.004375806726063649, 0.0, 0.0, 0.0
0.0, 0.0, 0.0, 0.0, 0.0, 0.0, 0.0, 0.0, 0.0, 0.0, 0.00881913217181834
0.0, 0.0, 0.0, 0.0, 0.0, 0.004309506624153594, 0.0, 0.0, 0.00427710431870883, 0.0, 0.0
0.0, 0.0, 0.0, 0.0, 0.005434919182053577, 0.0, 0.0, 0.004375806726063649, 0.0, 0.0, 0.0
0.0003230960226756745, 0.0, 0.0, 0.0006605064261028028, 0.0, 0.000527070784465873, 0.00033664521072336405, 0.000267589782882674, 0.00026155392311840315, 0.0004711513107189293, 0.0
0.007426637618373339, 0.0, 0.0, 0.0, 0.0, 0.0, 0.0, 0.0, 0.0, 0.0, 0.0
0.0, 0.0, 0.0, 0.0, 0.0, 0.0, 0.0, 0.0, 0.0, 0.0054149073380013275, 0.0
0.0, 0.0, 0.0, 0.0, 0.0, 0.0, 0.0, 0.006150779360857919, 0.0, 0.0, 0.0
0.0, 0.0, 0.0, 0.0, 0.0, 0.0, 0.0, 0.006150779360857919, 0.0, 0.0, 0.0
0.0, 0.0, 0.0, 0.0, 0.007639503027817161, 0.0, 0.0, 0.0, 0.0, 0.0, 0.0
0.0, 0.0, 0.0, 0.0, 0.0, 0.0, 0.0, 0.006150779360857919, 0.0, 0.0, 0.0
0.0, 0.0, 0.0, 0.0, 0.005434919182053577, 0.004309506624153594, 0.0, 0.0, 0.0, 0.0, 0.0
0.0, 0.0, 0.0, 0.0, 0.007639503027817161, 0.0, 0.0, 0.0, 0.0, 0.0, 0.0
0.0, 0.0, 0.0, 0.0, 0.0, 0.0, 0.0, 0.0, 0.0, 0.0054149073380013275, 0.0
0.0, 0.0, 0.0, 0.0, 0.0, 0.0, 0.0, 0.0, 0.006012039976778417, 0.0, 0.0
0.0, 0.0, 0.0, 0.0, 0.0, 0.0, 0.0, 0.0, 0.006012039976778417, 0.0, 0.0
0.007426637618373339, 0.0, 0.0, 0.0, 0.0, 0.0, 0.0, 0.0, 0.0, 0.0, 0.0
0.0, 0.0, 0.0, 0.0, 0.0, 0.0, 0.0, 0.0, 0.0, 0.0054149073380013275, 0.0
0.0, 0.0, 0.0, 0.0, 0.0, 0.0, 0.0, 0.0, 0.0, 0.007704580691489042, 0.0
0.0, 0.006247573413717283, 0.0, 0.003212755315598286, 0.0, 0.0, 0.0, 0.0, 0.0, 0.0, 0.003732465734298009
0.0, 0.0, 0.0, 0.0, 0.0, 0.0, 0.0, 0.0, 0.0, 0.0054149073380013275, 0.0
0.0, 0.007380935233029503, 0.0, 0.0, 0.0, 0.0, 0.0, 0.0, 0.0, 0.0, 0.0
0.007426637618373339, 0.0, 0.0, 0.0, 0.0, 0.0, 0.0, 0.0, 0.0, 0.0, 0.0
0.0, 0.0, 0.0, 0.0, 0.0, 0.0, 0.0, 0.0, 0.006012039976778417, 0.0, 0.0
0.007426637618373339, 0.0, 0.0, 0.0, 0.0, 0.0, 0.0, 0.0, 0.0, 0.0, 0.0
0.0, 0.0, 0.0, 0.0, 3.168895176168182e-05, 2.512709811406084e-05, 0.0, 0.00010205467541710863, 4.9876345128662115e-05, 6.738373038262816e-05, 0.0
0.0, 0.0, 0.0, 0.0, 0.007639503027817161, 0.0, 0.0, 0.0, 0.0, 0.0, 0.0
0.0, 0.007380935233029503, 0.0, 0.0, 0.0, 0.0, 0.0, 0.0, 0.0, 0.0, 0.0
0.0, 0.007380935233029503, 0.0, 0.0, 0.0, 0.0, 0.0, 0.0, 0.0, 0.0, 0.0
-0.0007074770746629123, -0.001406246739176127, -0.0006192821005856928, -0.000723149035177597, -0.0007277550799876455, -0.0011541166420006095, -0.0007371454681165182, -0.0005859361413233864, -0.0005727195366318814, -0.0005158354291560286, -0.0016802580523244167
0.0, 0.0, 0.0, 0.0075911517428309755, 0.0, 0.0, 0.0, 0.0, 0.0, 0.0, 0.0
0.0, 0.0, 0.0046248363771404415, 0.0, 0.0, 0.0, 0.0, 0.0, 0.0, 0.0, 0.00627413464398832
0.0, 0.005250968071276379, 0.0, 0.0, 0.0, 0.0, 0.0, 0.004375806726063649, 0.0, 0.0, 0.0
0.0, 0.0, 0.0, 0.0, 0.0, 0.0, 0.0, 0.0, 0.0, 0.0054149073380013275, 0.0
0.0, 0.0, 0.0, 0.0, 0.0, 0.0, 0.0, 0.0, 0.0, 0.0054149073380013275, 0.0
0.0, 0.0, 0.0, 0.0, 0.0, 0.0, 0.0, 0.0, 0.0, 0.0054149073380013275, 0.0
0.0, 0.0, 0.0, 0.0, 0.0, 0.0, 0.0, 0.006150779360857919, 0.0, 0.0, 0.0
-0.141551442169835, -0.06330616036734006, -0.12390546292915097, -0.05064047638386028, -0.08008475701105475, -0.04618294527359264, -0.0811181087144232, -0.05275513363945005, -0.04010624194811992, -0.056764365014607646, -0.058832318151837676
0.007426637618373339, 0.0, 0.0, 0.0, 0.0, 0.0, 0.0, 0.0, 0.0, 0.0, 0.0
0.0, 0.0, 0.0, 0.0, 0.0, 0.004309506624153594, 0.0, 0.0, 0.0, 0.003852290345744521, 0.0
0.0, 0.0, 0.0, 0.0, 0.0, 0.0, 0.0, 0.0, 0.0, 0.0, 0.00881913217181834
0.0, 0.0, 0.0, 0.0, 0.007639503027817161, 0.0, 0.0, 0.0, 0.0, 0.0, 0.0
0.0, 0.007380935233029503, 0.0, 0.0, 0.0, 0.0, 0.0, 0.0, 0.0, 0.0, 0.0
0.0, 0.0, 0.0035284730205888924, 0.004120273875307915, 0.0, 0.0, 0.0, 0.0, 0.0, 0.0, 0.0047867887669018425
0.0, 0.0, 0.0, 0.0, 0.007639503027817161, 0.0, 0.0, 0.0, 0.0, 0.0, 0.0
0.0, 0.0, 0.0, 0.0, 0.005434919182053577, 0.0, 0.0, 0.004375806726063649, 0.0, 0.0, 0.0
0.0, 0.0, 0.0, 0.0, 0.0, 0.0, 0.0, 0.004375806726063649, 0.0, 0.003852290345744521, 0.0
0.0, 0.0, 0.0, 0.0, 0.005434919182053577, 0.0, 0.0, 0.0, 0.0, 0.0, 0.00627413464398832
0.0, 0.0, 0.0, 0.0, 0.0, 0.0, 0.005505047171499429, 0.004375806726063649, 0.0, 0.0, 0.0
0.0, 0.007380935233029503, 0.0, 0.0, 0.0, 0.0, 0.0, 0.0, 0.0, 0.0, 0.0
0.0, 0.0, 0.0, 0.0, 0.0, 0.0, 0.0, 0.0, 0.0, 0.007704580691489042, 0.0
0.005283481805463849, 0.0, 0.0, 0.0, 0.005434919182053577, 0.0, 0.0, 0.0, 0.0, 0.0, 0.0
0.0020167191308935097, 0.002004308551626473, 0.0, 0.0010306966444281703, 0.0, 0.0008224751000992472, 0.0, 0.000835128563177697, 0.0, 0.0007352147621654668, 0.0
0.0, 0.0, 0.0, 0.0, 0.0, 0.0, 0.0, 0.0, 0.0, 0.0, 0.00881913217181834
0.0, 0.0, 0.0, 0.0, 0.0, 0.0, 0.007738077260434156, 0.0, 0.0, 0.0, 0.0
0.0, 0.0, 0.0, 0.0, 0.0, 0.0, 0.007738077260434156, 0.0, 0.0, 0.0, 0.0
0.0, 0.0, 0.0, 0.0, 0.0, 0.0, 0.0, 0.0, 0.0, 0.0, 0.00881913217181834
0.0, 0.0, 0.0, 0.0, 0.0, 0.0, 0.0, 0.006150779360857919, 0.0, 0.0, 0.0
0.0, 0.0, 0.0, 0.0, 0.0, 0.0, 0.0, 0.0, 0.006012039976778417, 0.0, 0.0
0.0, 0.007380935233029503, 0.0, 0.0, 0.0, 0.0, 0.0, 0.0, 0.0, 0.0, 0.0
0.007426637618373339, 0.0, 0.0, 0.0, 0.0, 0.0, 0.0, 0.0, 0.0, 0.0, 0.0
0.0, 0.0, 0.0035284730205888924, 0.0, 0.0, 0.0, 0.0, 0.0, 0.0, 0.005878133384186461, 0.0
0.0, 0.004006173983376312, 0.0, 0.0, 0.0, 0.0032878953146396497, 0.0, 0.0, 0.003263174297236344, 0.0, 0.0
0.0, 0.0, 0.0, 0.0, 0.0, 0.0, 0.0, 0.0, 0.0, 0.0054149073380013275, 0.0
0.0, 0.004006173983376312, 0.0, 0.004120273875307915, 0.0, 0.0, 0.0, 0.0, 0.0, 0.0, 0.0047867887669018425
0.0, 0.0, 0.0, 0.0, 0.0, 0.004309506624153594, 0.0, 0.004375806726063649, 0.0, 0.0, 0.0
0.0, 0.007380935233029503, 0.0, 0.0, 0.0, 0.0, 0.0, 0.0, 0.0, 0.0, 0.0
0.0, 0.0, 0.0035284730205888924, 0.0, 0.0, 0.0, 0.0, 0.0033384783194802597, 0.0, 0.0029390666920932305, 0.0
0.0, 0.0, 0.0, 0.0, 0.0, 0.006057585734178254, 0.0, 0.0, 0.0, 0.0, 0.0
0.0, 0.0, 0.0035284730205888924, 0.0, 0.0, 0.0, 0.0, 0.0, 0.003263174297236344, 0.0029390666920932305, 0.0
0.0, 0.004006173983376312, 0.0, 0.004120273875307915, 0.0, 0.0, 0.0, 0.0, 0.0, 0.0, 0.0047867887669018425
0.0, 0.0, 0.0, 0.0, 0.0, 0.0, 0.0, 0.006150779360857919, 0.0, 0.0, 0.0
0.0, 0.0, 0.0, 0.0010306966444281703, 0.0010372615912079676, 0.0008224751000992472, 0.0010506456117396834, 0.0, 0.0024488732303706903, 0.0, 0.0011974269839680213
0.0, 0.0, 0.0, 0.0, 0.0, 0.0, 0.0, 0.0, 0.006012039976778417, 0.0, 0.0
0.0, 0.0, 0.0, 0.0, 0.0, 0.0, 0.0, 0.006150779360857919, 0.0, 0.0, 0.0
0.0, 0.0, 0.0, 0.0, 0.0, 0.0, 0.0, 0.006150779360857919, 0.0, 0.0, 0.0
0.007426637618373339, 0.0, 0.0, 0.0, 0.0, 0.0, 0.0, 0.0, 0.0, 0.0, 0.0
0.0, 0.0, 0.0, 0.0075911517428309755, 0.0, 0.0, 0.0, 0.0, 0.0, 0.0, 0.0
0.0, 0.0, 0.0, 0.0075911517428309755, 0.0, 0.0, 0.0, 0.0, 0.0, 0.0, 0.0
0.0, 0.0031237867068586414, 0.0, 0.006425510631196572, 0.0, 0.0, 0.0, 0.0, 0.0, 0.0, 0.003732465734298009
0.0, 0.0, 0.0, 0.0, 0.0, 0.0, 0.005505047171499429, 0.004375806726063649, 0.0, 0.0, 0.0
0.0, 0.0, 0.0, 0.0, 0.0, 0.0, 0.0, 0.0, 0.006012039976778417, 0.0, 0.0
0.0, 0.005250968071276379, 0.0, 0.0, 0.0, 0.004309506624153594, 0.0, 0.0, 0.0, 0.0, 0.0
0.0, 0.003763541703791592, 0.0, 0.0, 0.0, 0.0, 0.003945648560426669, 0.0, 0.0, 0.0013805316633547036, 0.0022484394370078445
0.0, 0.0, 0.0, 0.0, 0.0, 0.0, 0.0, 0.0, 0.00427710431870883, 0.003852290345744521, 0.0
0.0, 0.0, 0.0, 0.0, 0.0, 0.006057585734178254, 0.0, 0.0, 0.0, 0.0, 0.0
0.0, 0.0, 0.0, 0.0, 0.0, 0.006057585734178254, 0.0, 0.0, 0.0, 0.0, 0.0
0.0, 0.0, 0.0, 0.0075911517428309755, 0.0, 0.0, 0.0, 0.0, 0.0, 0.0, 0.0
0.0, 0.0006425206893109427, 0.0005659057561681744, 0.0, 0.0, 0.0, 0.0013472208001681057, 0.0, 0.0005233564511931238, 0.0018855008941404637, 0.0
0.0, 0.0, 0.0, 0.0, 0.0, 0.0, 0.007738077260434156, 0.0, 0.0, 0.0, 0.0
0.0, 0.008012347966752624, 0.0, 0.0, 0.004146517657953189, 0.0, 0.0, 0.0, 0.0, 0.0, 0.0
0.0006464991455915059, 0.0, 0.0011318115123363488, 0.0, 0.0, 0.0005273212727930717, 0.0006736104000840529, 0.0, 0.0005233564511931238, 0.001414125670605348, 0.0
0.0, 0.0, 0.006500823714727882, 0.0, 0.0, 0.0, 0.0, 0.0, 0.0, 0.0, 0.0
0.0, 0.0, 0.0, 0.0, 0.0, 0.0, 0.007738077260434156, 0.0, 0.0, 0.0, 0.0
0.0, 0.0, 0.0, 0.0, 0.0, 0.0, 0.007738077260434156, 0.0, 0.0, 0.0, 0.0
0.0, 0.0, 0.0, 0.0, 0.0, 0.0, 0.0, 0.006150779360857919, 0.0, 0.0, 0.0
0.0, 0.0, 0.0, 0.005018939971706718, 0.0, 0.0, 0.0, 0.0, 0.0, 0.0, 0.00874624098010656
0.0, 0.004006173983376312, 0.007056946041177785, 0.0, 0.0, 0.0, 0.0, 0.0, 0.0, 0.0, 0.0
0.0, 0.0030064628274397093, 0.0, 0.0, 0.0, 0.0008224751000992472, 0.0, 0.000835128563177697, 0.0024488732303706903, 0.0, 0.0
0.0, 0.0, 0.0, 0.0, 0.0, 0.006057585734178254, 0.0, 0.0, 0.0, 0.0, 0.0
0.0, 0.0, 0.0, 0.0, 0.0, 0.006057585734178254, 0.0, 0.0, 0.0, 0.0, 0.0
0.0, 0.0, 0.0, 0.0, 0.010869838364107154, 0.0, 0.0, 0.0, 0.0, 0.0, 0.0
0.0, 0.0, 0.0, 0.0, 0.0, 0.0, 0.0, 0.0, 0.00427710431870883, 0.0, 0.00627413464398832
0.0, 0.0, 0.0, 0.0, 0.0, 0.0, 0.007738077260434156, 0.0, 0.0, 0.0, 0.0
0.0, 0.0, 0.006500823714727882, 0.0, 0.0, 0.0, 0.0, 0.0, 0.0, 0.0, 0.0
0.0, 0.0, 0.0, 0.0, 0.007639503027817161, 0.0, 0.0, 0.0, 0.0, 0.0, 0.0
0.0, 0.0024399769708604965, 0.0021490312073974564, 0.0, 0.0025254538711135715, 0.0, 0.0, 0.002033314142383747, 0.0, 0.0017900508251233892, 0.0
0.0, 0.0, 0.00644709362219237, 0.0, 0.0025254538711135715, 0.0, 0.002558040372676327, 0.0, 0.0, 0.0, 0.0
-0.0, -0.0, -0.0, -0.0, -0.0019404168398869817, -0.0, -0.00024568180956633555, -0.0, -0.00038176120784743874, -0.0, -0.00028000500354986776
0.0, 0.0, 0.0, 0.0075911517428309755, 0.0, 0.0, 0.0, 0.0, 0.0, 0.0, 0.0
0.0, 0.0, 0.0, 0.0, 0.007639503027817161, 0.0, 0.0, 0.0, 0.0, 0.0, 0.0
0.0, 0.0, 0.006500823714727882, 0.0, 0.0, 0.0, 0.0, 0.0, 0.0, 0.0, 0.0
0.0, 0.0, 0.0, 0.0, 0.0, 0.0, 0.0, 0.0, 0.006526348594472688, 0.0029390666920932305, 0.0
0.0, 0.0, 0.0, 0.0, 0.0, 0.006057585734178254, 0.0, 0.0, 0.0, 0.0, 0.0
0.007426637618373339, 0.0, 0.0, 0.0, 0.0, 0.0, 0.0, 0.0, 0.0, 0.0, 0.0
0.0, 0.0, 0.0, 0.0, 0.0, 0.0, 0.0, 0.0, 0.006012039976778417, 0.0, 0.0
0.0, 0.0, 0.0, 0.0, 0.0, 0.0, 0.0, 0.0, 0.006012039976778417, 0.0, 0.0
0.0, 0.0, 0.0, 0.0, 0.0, 0.006057585734178254, 0.0, 0.0, 0.0, 0.0, 0.0
0.0, 0.0, 0.0, 0.0, 0.0, 0.004309506624153594, 0.0, 0.0, 0.00427710431870883, 0.0, 0.0
0.0, 0.0, 0.006500823714727882, 0.0, 0.0, 0.0, 0.0, 0.0, 0.0, 0.0, 0.0
0.0, 0.0, 0.010585419061766677, 0.0, 0.0, 0.0, 0.0, 0.0, 0.0, 0.0, 0.0
0.0, 0.0, 0.006500823714727882, 0.0, 0.0, 0.0, 0.0, 0.0, 0.0, 0.0, 0.0
0.0, 0.0, 0.0, 0.0, 0.0, 0.0, 0.0, 0.006150779360857919, 0.0, 0.0, 0.0
0.0, 0.007380935233029503, 0.0, 0.0, 0.0, 0.0, 0.0, 0.0, 0.0, 0.0, 0.0
0.0, 0.0, 0.0, 0.0, 0.0, 0.0, 0.0, 0.0, 0.0, 0.0054149073380013275, 0.0
0.010566963610927698, 0.0, 0.0, 0.0, 0.0, 0.0, 0.0, 0.0, 0.0, 0.0, 0.0
0.005283481805463849, 0.0, 0.0, 0.0, 0.0, 0.0, 0.0, 0.0, 0.0, 0.0, 0.00627413464398832
0.0, 0.0, 0.0, 0.0, 0.007639503027817161, 0.0, 0.0, 0.0, 0.0, 0.0, 0.0
0.007426637618373339, 0.0, 0.0, 0.0, 0.0, 0.0, 0.0, 0.0, 0.0, 0.0, 0.0
0.0, 0.0, 0.006500823714727882, 0.0, 0.0, 0.0, 0.0, 0.0, 0.0, 0.0, 0.0
0.0, 0.0, 0.0, 0.0075911517428309755, 0.0, 0.0, 0.0, 0.0, 0.0, 0.0, 0.0
0.0, 0.0, 0.0, 0.0, 0.0, 0.0025637138376996427, 0.0, 0.0, 0.007633313381421492, 0.0, 0.0
0.0, 0.0, 0.0, 0.0, 0.008293035315906378, 0.0, 0.0, 0.0033384783194802597, 0.0, 0.0, 0.0
0.0, 0.0, 0.0, 0.0, 0.0, 0.0, 0.0, 0.006150779360857919, 0.0, 0.0, 0.0
0.0, 0.0, 0.002751302655092299, 0.0, 0.0, 0.0025637138376996427, 0.0, 0.0, 0.0025444377938071638, 0.0022917171099978745, 0.0
0.0, 0.0, 0.0, 0.003212755315598286, 0.0, 0.0, 0.0, 0.005206311178097735, 0.0, 0.0, 0.003732465734298009
0.0, 0.0, 0.0, 0.0, 0.0, 0.0, 0.0, 0.006150779360857919, 0.0, 0.0, 0.0
0.007426637618373339, 0.0, 0.0, 0.0, 0.0, 0.0, 0.0, 0.0, 0.0, 0.0, 0.0
0.0, 0.007380935233029503, 0.0, 0.0, 0.0, 0.0, 0.0, 0.0, 0.0, 0.0, 0.0
0.0018934226837960797, 0.0, 0.003314772503339478, 0.0, 0.001947692760720171, 0.0, 0.0, 0.00156814237657983, 0.0015327707440253976, 0.0, 0.0
0.0, 0.0, 0.0, 0.0, 0.007639503027817161, 0.0, 0.0, 0.0, 0.0, 0.0, 0.0
0.0020167191308935097, 0.0, 0.0017653124099691157, 0.0, 0.0, 0.0016449502001984943, 0.0010506456117396834, 0.0, 0.0008162910767902301, 0.0, 0.0
0.0, 0.0, 0.0, 0.0, 0.007639503027817161, 0.0, 0.0, 0.0, 0.0, 0.0, 0.0
0.0, 0.0, 0.0, 0.0, 0.0, 0.0, 0.0, 0.0, 0.0, 0.0, 0.00881913217181834
0.0, 0.0, 0.006500823714727882, 0.0, 0.0, 0.0, 0.0, 0.0, 0.0, 0.0, 0.0
0.0, 0.0, 0.006500823714727882, 0.0, 0.0, 0.0, 0.0, 0.0, 0.0, 0.0, 0.0
0.005283481805463849, 0.0, 0.0, 0.0, 0.005434919182053577, 0.0, 0.0, 0.0, 0.0, 0.0, 0.0
0.007426637618373339, 0.0, 0.0, 0.0, 0.0, 0.0, 0.0, 0.0, 0.0, 0.0, 0.0
0.0, 0.0, 0.0, 0.0, 0.0, 0.006057585734178254, 0.0, 0.0, 0.0, 0.0, 0.0
0.0, 0.0031237867068586414, 0.0, 0.0, 0.0, 0.0, 0.0, 0.0, 0.0050888755876143275, 0.0, 0.003732465734298009
0.005283481805463849, 0.0, 0.0, 0.0, 0.0, 0.0, 0.0, 0.0, 0.00427710431870883, 0.0, 0.0
0.0, 0.0, 0.0, 0.0, 0.0, 0.006057585734178254, 0.0, 0.0, 0.0, 0.0, 0.0
0.007426637618373339, 0.0, 0.0, 0.0, 0.0, 0.0, 0.0, 0.0, 0.0, 0.0, 0.0
0.0, 0.0, 0.0, 0.0, 0.0, 0.006057585734178254, 0.0, 0.0, 0.0, 0.0, 0.0
0.0, 0.0, 0.0, 0.005400520959382351, 0.0, 0.0, 0.005505047171499429, 0.0, 0.0, 0.0, 0.0
0.0, 0.0, 0.0, 0.0, 0.0, 0.0, 0.0, 0.0, 0.0, 0.0, 0.00881913217181834
0.0, 0.0, 0.0, 0.0, 0.0, 0.0, 0.0, 0.0, 0.0, 0.0, 0.01254826928797664
0.0, 0.0, 0.0, 0.004120273875307915, 0.0, 0.0032878953146396497, 0.0, 0.0, 0.003263174297236344, 0.0, 0.0
0.0, 0.007380935233029503, 0.0, 0.0, 0.0, 0.0, 0.0, 0.0, 0.0, 0.0, 0.0
0.0, 0.0, 0.002751302655092299, 0.0, 0.0032332187252517787, 0.0, 0.0, 0.0026031555890488676, 0.0, 0.0022917171099978745, 0.0
0.0, 0.0, 0.0, 0.0, 0.007639503027817161, 0.0, 0.0, 0.0, 0.0, 0.0, 0.0
0.0024550851873983326, 0.0, 0.0, 0.0, 0.0, 0.0, 0.002558040372676327, 0.0, 0.005962349740824522, 0.0, 0.0
0.0, 0.0, 0.0, 0.0, 0.0, 0.0, 0.0, 0.006150779360857919, 0.0, 0.0, 0.0
0.007426637618373339, 0.0, 0.0, 0.0, 0.0, 0.0, 0.0, 0.0, 0.0, 0.0, 0.0
0.0, 0.0, 0.0, 0.0, 0.0, 0.006057585734178254, 0.0, 0.0, 0.0, 0.0, 0.0
0.0, 0.0, 0.0, 0.0, 0.007639503027817161, 0.0, 0.0, 0.0, 0.0, 0.0, 0.0
0.0, 0.0, 0.0, 0.0, 0.0, 0.0, 0.0, 0.0, 0.0, 0.007704580691489042, 0.0
0.0, 0.0, 0.0, 0.0, 0.0, 0.0, 0.0, 0.0, 0.006012039976778417, 0.0, 0.0
0.0, 0.004006173983376312, 0.0, 0.0, 0.004146517657953189, 0.0, 0.0, 0.0033384783194802597, 0.0, 0.0, 0.0
0.0, 0.0, 0.0, 0.0075911517428309755, 0.0, 0.0, 0.0, 0.0, 0.0, 0.0, 0.0
0.0, 0.0, 0.0, 0.0, 0.0, 0.0, 0.0, 0.0, 0.0, 0.0, 0.00881913217181834
-0.0, -0.0011084700470357428, -0.0029288842706228974, -0.001140040396476634, -0.0022946036005516966, -0.0018194584105384666, -0.001162105694472956, -0.0018474500783929044, -0.0, -0.0008132116597892017, -0.003973376087720034
0.0, 0.0, 0.006500823714727882, 0.0, 0.0, 0.0, 0.0, 0.0, 0.0, 0.0, 0.0
0.0, 0.007380935233029503, 0.0, 0.0, 0.0, 0.0, 0.0, 0.0, 0.0, 0.0, 0.0
0.0, 0.0, 0.0, 0.0, 0.0, 0.0, 0.0, 0.0, 0.0, 0.007704580691489042, 0.0
0.0, 0.007380935233029503, 0.0, 0.0, 0.0, 0.0, 0.0, 0.0, 0.0, 0.0, 0.0
0.0, 0.007380935233029503, 0.0, 0.0, 0.0, 0.0, 0.0, 0.0, 0.0, 0.0, 0.0
0.0, 0.0, 0.0, 0.0, 0.0, 0.0, 0.0, 0.006150779360857919, 0.0, 0.0, 0.0
0.0, 0.0, 0.0, 0.0, 0.0, 0.0, 0.0, 0.0, 0.0, 0.0, 0.00881913217181834
-0.01584002356446221, -0.01180690987227991, -0.017331733100681892, -0.00809545508120458, -0.012220527734047677, -0.009690014415381238, -0.016504282617165463, -0.022957880307210934, -0.01282287621885036, -0.017323908390478423, -0.0
0.007426637618373339, 0.0, 0.0, 0.0, 0.0, 0.0, 0.0, 0.0, 0.0, 0.0, 0.0
0.0, 0.0, 0.0, 0.0, 0.0, 0.006057585734178254, 0.0, 0.0, 0.0, 0.0, 0.0
0.0, 0.0031237867068586414, 0.0, 0.003212755315598286, 0.0, 0.0025637138376996427, 0.00327493767654535, 0.0, 0.0, 0.0, 0.0
0.0, 0.0, 0.0035284730205888924, 0.004120273875307915, 0.0, 0.0, 0.0, 0.0, 0.0, 0.0, 0.0047867887669018425
0.0, 0.0, 0.0, 0.004351220863910432, 0.0014596452154943703, 0.0011573954486495763, 0.0, 0.0011752015324749544, 0.0, 0.0, 0.0016850316090633536
0.0, 0.0, 0.0, 0.005400520959382351, 0.005434919182053577, 0.0, 0.0, 0.0, 0.0, 0.0, 0.0
0.0, 0.0, 0.006500823714727882, 0.0, 0.0, 0.0, 0.0, 0.0, 0.0, 0.0, 0.0
3.0805977873585424e-05, 3.061640262513259e-05, 2.6965666268748218e-05, 0.0, 6.337790352336364e-05, 2.512709811406084e-05, 3.209784146183255e-05, 2.5513668854277158e-05, 0.0, 0.0, 0.00010974629617464808
0.0, 0.0, 0.0, 0.0, 0.0, 0.0, 0.0, 0.006150779360857919, 0.0, 0.0, 0.0
0.0, 0.0, 0.0, 0.0, 0.0, 0.0, 0.0, 0.0, 0.0, 0.0, 0.00881913217181834
0.0, 0.0, 0.0, 0.005018939971706718, 0.0, 0.00200250635234763, 0.002558040372676327, 0.0, 0.001987449913608174, 0.0, 0.0
0.005283481805463849, 0.0, 0.0, 0.005400520959382351, 0.0, 0.0, 0.0, 0.0, 0.0, 0.0, 0.0
0.005283481805463849, 0.0, 0.0, 0.0, 0.0, 0.0, 0.005505047171499429, 0.0, 0.0, 0.0, 0.0
0.0, 0.005250968071276379, 0.0, 0.0, 0.0, 0.0, 0.0, 0.0, 0.0, 0.0, 0.00627413464398832
0.0, 0.0, 0.0, 0.0, 0.0, 0.0, 0.00327493767654535, 0.0, 0.0050888755876143275, 0.0, 0.003732465734298009
0.0, 0.0, 0.002751302655092299, 0.0, 0.0, 0.0, 0.0, 0.0, 0.0, 0.004583434219995749, 0.003732465734298009
0.0, 0.0, 0.0, 0.0, 0.0, 0.0, 0.0, 0.006150779360857919, 0.0, 0.0, 0.0
0.0, 0.0, 0.0, 0.0, 0.0, 0.0, 0.0, 0.0033384783194802597, 0.0, 0.005878133384186461, 0.0
0.0, 0.0, 0.0, 0.0, 0.0, 0.0, 0.0, 0.008751613452127298, 0.0, 0.0, 0.0
0.0, 0.00032110773945920876, 0.0002828184697133953, 0.0, 0.0013294269468056416, 0.0, 0.00033664521072336405, 0.000535179565765348, 0.0, 0.00023557565535946466, 0.0
0.007426637618373339, 0.0, 0.0, 0.0, 0.0, 0.0, 0.0, 0.0, 0.0, 0.0, 0.0
0.0, 0.005250968071276379, 0.0, 0.005400520959382351, 0.0, 0.0, 0.0, 0.0, 0.0, 0.0, 0.0
0.0, 0.0, 0.0, 0.0, 0.0, 0.0, 0.0, 0.008751613452127298, 0.0, 0.0, 0.0
0.0, 0.0, 0.0, 0.004120273875307915, 0.008293035315906378, 0.0, 0.0, 0.0, 0.0, 0.0, 0.0
0.0, 0.0, 0.0, 0.0, 0.0, 0.0, 0.0, 0.006150779360857919, 0.0, 0.0, 0.0
0.0, 0.0, 0.0, 0.0, 0.005434919182053577, 0.0, 0.0, 0.004375806726063649, 0.0, 0.0, 0.0
0.0062862580788177, 0.0, 0.002751302655092299, 0.0, 0.0032332187252517787, 0.0, 0.0, 0.0, 0.0, 0.0, 0.0
0.0, 0.0, 0.0, 0.0, 0.007639503027817161, 0.0, 0.0, 0.0, 0.0, 0.0, 0.0
0.0, 0.0, 0.006500823714727882, 0.0, 0.0, 0.0, 0.0, 0.0, 0.0, 0.0, 0.0
-0.0, -0.0004686852982496248, -0.0002063993522102006, -0.00024101696508089883, -0.0, -0.00019232666910495969, -0.0004913636191326711, -0.00039057108187468735, -0.00019088060392371937, -0.0, -0.0005600100070997355
0.0, 0.004006173983376312, 0.0, 0.0, 0.0, 0.0032878953146396497, 0.0, 0.0, 0.003263174297236344, 0.0, 0.0
0.0, 0.0, 0.0, 0.004120273875307915, 0.0, 0.0032878953146396497, 0.0, 0.0, 0.003263174297236344, 0.0, 0.0
0.0, 0.007380935233029503, 0.0, 0.0, 0.0, 0.0, 0.0, 0.0, 0.0, 0.0, 0.0
0.0, 0.0, 0.0, 0.0075911517428309755, 0.0, 0.0, 0.0, 0.0, 0.0, 0.0, 0.0
0.007426637618373339, 0.0, 0.0, 0.0, 0.0, 0.0, 0.0, 0.0, 0.0, 0.0, 0.0
0.008061960028466262, 0.0, 0.0, 0.0, 0.0, 0.0032878953146396497, 0.0, 0.0, 0.0, 0.0, 0.0
0.0, 0.0, 0.0046248363771404415, 0.0, 0.0, 0.0, 0.0, 0.004375806726063649, 0.0, 0.0, 0.0
0.0, 0.0, 0.006500823714727882, 0.0, 0.0, 0.0, 0.0, 0.0, 0.0, 0.0, 0.0
0.0, 0.0, 0.0, 0.0, 0.0, 0.006057585734178254, 0.0, 0.0, 0.0, 0.0, 0.0
0.0, 0.0, 0.006500823714727882, 0.0, 0.0, 0.0, 0.0, 0.0, 0.0, 0.0, 0.0
0.0, 0.0, 0.006500823714727882, 0.0, 0.0, 0.0, 0.0, 0.0, 0.0, 0.0, 0.0
0.0, 0.0, 0.0, 0.0, 0.0, 0.006057585734178254, 0.0, 0.0, 0.0, 0.0, 0.0
0.0, 0.0, 0.0, 0.0, 0.0, 0.00200250635234763, 0.0, 0.0, 0.001987449913608174, 0.0035801016502467783, 0.00291541366003552
0.0, 0.0, 0.0, 0.0075911517428309755, 0.0, 0.0, 0.0, 0.0, 0.0, 0.0, 0.0
0.0, 0.0, 0.0, 0.0, 0.0, 0.0, 0.0, 0.0, 0.0, 0.0054149073380013275, 0.0
0.0, 0.0, 0.0, 0.0, 0.0, 0.0, 0.007738077260434156, 0.0, 0.0, 0.0, 0.0
0.0, 0.0, 0.005502605310184598, 0.0, 0.0, 0.0, 0.00327493767654535, 0.0026031555890488676, 0.0, 0.0, 0.0
-0.004944320100419639, -0.0, -0.008655909986100505, -0.005053846178593491, -0.012715090704104644, -0.006049300728922512, -0.007727493834365533, -0.0, -0.006003817264795275, -0.005407501328788521, -0.0
0.0, 0.0, 0.0, 0.0, 0.0, 0.0, 0.0, 0.006150779360857919, 0.0, 0.0, 0.0
0.0, 0.0, 0.0, 0.005018939971706718, 0.0, 0.00400501270469526, 0.0, 0.0, 0.0, 0.0, 0.00291541366003552
0.007426637618373339, 0.0, 0.0, 0.0, 0.0, 0.0, 0.0, 0.0, 0.0, 0.0, 0.0
0.0, 0.0, 0.0, 0.0, 0.0, 0.0, 0.0, 0.0, 0.0, 0.0, 0.00881913217181834
0.0, 0.0, 0.0046248363771404415, 0.0, 0.0, 0.004309506624153594, 0.0, 0.0, 0.0, 0.0, 0.0
0.0, 0.0, 0.0, 0.0, 0.0, 0.0, 0.0, 0.0, 0.006526348594472688, 0.0, 0.0047867887669018425
0.0, 0.007380935233029503, 0.0, 0.0, 0.0, 0.0, 0.0, 0.0, 0.0, 0.0, 0.0
0.0, 0.0, 0.0, 0.0, 0.0, 0.0, 0.0, 0.0, 0.0, 0.0, 0.00881913217181834
0.0014189739865796663, 0.0, 0.0012420829205019844, 0.0029008139092736216, 0.0, 0.0, 0.0, 0.0023504030649499088, 0.0, 0.0, 0.0016850316090633536
0.0, 0.0, 0.0, 0.0075911517428309755, 0.0, 0.0, 0.0, 0.0, 0.0, 0.0, 0.0
0.0, 0.0, 0.0, 0.0, 0.007639503027817161, 0.0, 0.0, 0.0, 0.0, 0.0, 0.0
0.0, 0.0, 0.0, 0.0, 0.0, 0.0, 0.007738077260434156, 0.0, 0.0, 0.0, 0.0
0.007426637618373339, 0.0, 0.0, 0.0, 0.0, 0.0, 0.0, 0.0, 0.0, 0.0, 0.0
0.0, 0.0, 0.0, 0.0, 0.004146517657953189, 0.0032878953146396497, 0.0, 0.0, 0.003263174297236344, 0.0, 0.0
0.0, 0.0, 0.0, 0.0, 0.0, 0.0, 0.0, 0.006150779360857919, 0.0, 0.0, 0.0
0.0, 0.0, 0.0, 0.0, 0.0, 0.0, 0.007738077260434156, 0.0, 0.0, 0.0, 0.0
0.0, 0.0, 0.0, 0.0, 0.007639503027817161, 0.0, 0.0, 0.0, 0.0, 0.0, 0.0
0.0, 0.0, 0.0, 0.0, 0.0, 0.0, 0.0, 0.0, 0.0, 0.0, 0.00881913217181834
0.0, 0.0, 0.0, 0.0, 0.0, 0.0, 0.0, 0.006150779360857919, 0.0, 0.0, 0.0
0.0, 0.0, 0.0, 0.0, 0.0, 0.006057585734178254, 0.0, 0.0, 0.0, 0.0, 0.0
0.0, 0.0, 0.0, 0.0, 0.0, 0.0, 0.0, 0.006150779360857919, 0.0, 0.0, 0.0
0.0, 0.0, 0.0, 0.0, 0.0, 0.006057585734178254, 0.0, 0.0, 0.0, 0.0, 0.0
-0.00023579368719988864, -0.0, -0.0002063993522102006, -0.00024101696508089883, -0.00048510420997174543, -0.0, -0.0007370454286990067, -0.0, -0.00019088060392371937, -0.00017192180804867724, -0.0005600100070997355
0.0006464991455915059, 0.0006425206893109427, 0.0005659057561681744, 0.0, 0.0, 0.0005273212727930717, 0.0006736104000840529, 0.0, 0.0005233564511931238, 0.001414125670605348, 0.0
0.0, 0.0, 0.006500823714727882, 0.0, 0.0, 0.0, 0.0, 0.0, 0.0, 0.0, 0.0
0.0, 0.008012347966752624, 0.0, 0.0, 0.0, 0.0, 0.004200021111604197, 0.0, 0.0, 0.0, 0.0
0.0, 0.0, 0.0, 0.0, 0.0, 0.006057585734178254, 0.0, 0.0, 0.0, 0.0, 0.0
0.0, 0.004006173983376312, 0.0, 0.0, 0.0, 0.0, 0.0, 0.0033384783194802597, 0.003263174297236344, 0.0, 0.0
-0.0, -0.00960398614316719, -0.021146988458870846, -0.04444882827336081, -0.03976172607043741, -0.035469267006015194, -0.0, -0.03201328714389063, -0.015645591461299933, -0.017614534404793096, -0.028688377725453462
0.0, 0.0, 0.0, 0.0, 0.007639503027817161, 0.0, 0.0, 0.0, 0.0, 0.0, 0.0
0.0, 0.007380935233029503, 0.0, 0.0, 0.0, 0.0, 0.0, 0.0, 0.0, 0.0, 0.0
0.0, 0.0, 0.0022636230246726977, 0.0, 0.0006650293758791605, 0.0005273212727930717, 0.0, 0.0, 0.0015700693535793712, 0.0, 0.0
0.0, 0.0, 0.0, 0.0, 0.0, 0.0, 0.0, 0.0, 0.0, 0.0054149073380013275, 0.0
0.0, 0.007380935233029503, 0.0, 0.0, 0.0, 0.0, 0.0, 0.0, 0.0, 0.0, 0.0
0.0, 0.0, 0.0035284730205888924, 0.0, 0.0, 0.0032878953146396497, 0.0, 0.0, 0.003263174297236344, 0.0, 0.0
0.0003230960226756745, 0.00032110773945920876, 0.0005656369394267906, 0.0, 0.0006647134734028208, 0.0002635353922329365, 0.00033664521072336405, 0.000267589782882674, 0.0, 0.00023557565535946466, 0.0
0.0, 0.0, 0.0, 0.0, 0.0, 0.0, 0.0, 0.006150779360857919, 0.0, 0.0, 0.0
0.0, 0.0, 0.0, 0.0, 0.0, 0.0, 0.0, 0.0, 0.0, 0.0, 0.00881913217181834
-0.04880057929186814, -0.06668786854769519, -0.02669814890120835, -0.03741120358688309, -0.03764949150781865, -0.03482894879384907, -0.05084705519765616, -0.06567744629697253, -0.03950523085532182, -0.022238412967372192, -0.05795068790909341
0.007365255562194997, 0.0024399769708604965, 0.0, 0.0, 0.0, 0.0, 0.0, 0.0, 0.0, 0.0017900508251233892, 0.0
0.0, 0.0, 0.0, 0.0, 0.0, 0.006057585734178254, 0.0, 0.0, 0.0, 0.0, 0.0
0.0, 0.0, 0.0, 0.0, 0.0, 0.0032878953146396497, 0.004200021111604197, 0.0, 0.0, 0.0029390666920932305, 0.0
0.0, 0.0, 0.0, 0.0, 0.0, 0.006057585734178254, 0.0, 0.0, 0.0, 0.0, 0.0
0.0, 0.0, 0.0, 0.0, 0.007639503027817161, 0.0, 0.0, 0.0, 0.0, 0.0, 0.0
0.0, 0.0, 0.0, 0.0, 0.0, 0.0, 0.0, 0.0, 0.006012039976778417, 0.0, 0.0
0.0, 0.0, 0.0, 0.0, 0.0, 0.008619013248307187, 0.0, 0.0, 0.0, 0.0, 0.0
0.0, 0.0, 0.0, 0.0, 0.0, 0.0, 0.002558040372676327, 0.0, 0.0, 0.0035801016502467783, 0.00583082732007104
0.004030980014233131, 0.0, 0.0035284730205888924, 0.0, 0.0, 0.0, 0.0, 0.0, 0.003263174297236344, 0.0, 0.0
0.0, 0.0, 0.0, 0.003212755315598286, 0.0, 0.0, 0.00327493767654535, 0.0, 0.0, 0.0, 0.007464931468596018
0.0, 0.0, 0.0, 0.0, 0.0, 0.0, 0.0, 0.0, 0.0, 0.0054149073380013275, 0.0
0.005283481805463849, 0.0, 0.0, 0.0, 0.005434919182053577, 0.0, 0.0, 0.0, 0.0, 0.0, 0.0
0.0, 0.0, 0.0, 0.0, 0.0, 0.0, 0.0, 0.0, 0.0, 0.0, 0.00881913217181834
0.0, 0.008012347966752624, 0.0, 0.0, 0.0, 0.0032878953146396497, 0.0, 0.0, 0.0, 0.0, 0.0
0.0, 0.0, 0.0046248363771404415, 0.0, 0.0, 0.0, 0.0, 0.0, 0.0, 0.003852290345744521, 0.0
0.007426637618373339, 0.0, 0.0, 0.0, 0.0, 0.0, 0.0, 0.0, 0.0, 0.0, 0.0
0.0, 0.0, 0.006500823714727882, 0.0, 0.0, 0.0, 0.0, 0.0, 0.0, 0.0, 0.0
0.0, 0.0, 0.0035284730205888924, 0.00824054775061583, 0.0, 0.0, 0.0, 0.0, 0.0, 0.0, 0.0
0.0, 0.0024399769708604965, 0.0, 0.007528409957560077, 0.0, 0.0, 0.0, 0.0, 0.0, 0.0, 0.00291541366003552
0.0, 0.0, 0.0, 0.0, 0.0, 0.0, 0.0, 0.0, 0.0, 0.0054149073380013275, 0.0
0.0, 0.0014102418389699452, 0.0024841658410039687, 0.0014504069546368108, 0.0, 0.0011573954486495763, 0.0, 0.0, 0.0011486932272311583, 0.0010346018005987182, 0.0
0.0, 0.0, 0.0, 0.005400520959382351, 0.0, 0.004309506624153594, 0.0, 0.0, 0.0, 0.0, 0.0
0.0, 0.0, 0.0, 0.003212755315598286, 0.0, 0.0, 0.0, 0.0026031555890488676, 0.0, 0.0, 0.007464931468596018
0.0003230960226756745, 0.00032110773945920876, 0.0002828184697133953, 0.0009907596391542043, 0.0, 0.0, 0.00033664521072336405, 0.0, 0.0, 0.00023557565535946466, 0.0007673530538547269
0.0, 0.0, 0.0, 0.0, 0.0, 0.0, 0.0, 0.0, 0.0, 0.0054149073380013275, 0.0
0.0, 0.0, 0.0, 0.0, 0.0, 0.008619013248307187, 0.0, 0.0, 0.0, 0.0, 0.0
0.0, 0.0, 0.0, 0.0, 0.0, 0.0, 0.0, 0.0, 0.0, 0.0, 0.00881913217181834
0.0, 0.0, 0.0, 0.0, 0.0, 0.006057585734178254, 0.0, 0.0, 0.0, 0.0, 0.0
3.0805977873585424e-05, 0.0, 0.0, 6.297677755169678e-05, 0.0, 0.0, 0.0, 0.0, 2.4938172564331057e-05, 8.984497384350421e-05, 0.00010974629617464808
0.0, 0.0, 0.0, 0.0075911517428309755, 0.0, 0.0, 0.0, 0.0, 0.0, 0.0, 0.0
-0.02962171628412938, -0.014719714399651987, -0.02592903620534903, -0.005046315590597991, -0.015235373184353168, -0.024161147373166138, -0.020575944859728582, -0.02453285733275331, -0.023979484610961877, -0.04319555015699228, -0.023450525391602427
0.0, 0.0, 0.0, 0.0, 0.0, 0.004309506624153594, 0.0, 0.004375806726063649, 0.0, 0.0, 0.0
-0.0024721600502098195, -0.0, -0.008655909986100505, -0.0025269230892967457, -0.005086036281641858, -0.004032867152615008, -0.0, -0.006142366893982859, -0.00400254484319685, -0.01261750310050655, -0.008807070178872481
0.0, 0.0, 0.0, 0.0, 0.0, 0.0, 0.0, 0.0, 0.00855420863741766, 0.0, 0.0
0.0, 0.0, 0.0, 0.0, 0.007639503027817161, 0.0, 0.0, 0.0, 0.0, 0.0, 0.0
0.0, 0.0, 0.0, 0.005400520959382351, 0.0, 0.0, 0.0, 0.0, 0.0, 0.0, 0.00627413464398832
0.0, 0.0, 0.0, 0.0, 0.0, 0.0, 0.0, 0.0, 0.0, 0.0, 0.00881913217181834
-0.0014744436228148964, -0.001465370123597574, -0.0, -0.0015071053486367452, -0.0045501142372854604, -0.0012026396216394232, -0.004608825388734306, -0.008547992387652513, -0.0011935972184692017, -0.0, -0.0
0.0, 0.0, 0.0, 0.0, 0.0, 0.0, 0.00327493767654535, 0.005206311178097735, 0.0025444377938071638, 0.0, 0.0
0.0018934226837960797, 0.0, 0.001657386251669739, 0.0, 0.0, 0.001544382643601348, 0.0, 0.0, 0.0, 0.004141594990064111, 0.0
0.008061960028466262, 0.0, 0.0, 0.004120273875307915, 0.0, 0.0, 0.0, 0.0, 0.0, 0.0, 0.0
0.0, 0.0, 0.0, 0.0, 0.0032332187252517787, 0.0051274276753992855, 0.0, 0.0, 0.0, 0.0022917171099978745, 0.0
0.0006464991455915059, 0.0, 0.0, 0.0006608203291963809, 0.001330058751758321, 0.0, 0.0013472208001681057, 0.0, 0.0005233564511931238, 0.0009427504470702319, 0.0
-0.0007074770746629123, -0.0, -0.0, -0.0, -0.0007277550799876455, -0.0005770583210003048, -0.0, -0.0023437445652935455, -0.001718158609895644, -0.0020633417166241144, -0.0
0.0, 0.0, 0.0, 0.0, 0.0, 0.0, 0.0, 0.0, 0.0, 0.0054149073380013275, 0.0
0.0, 0.0, 0.0, 0.0, 0.0, 0.0, 0.0, 0.0, 0.0, 0.0054149073380013275, 0.0
0.0, 0.0, 0.0, 0.0, 0.0, 0.006057585734178254, 0.0, 0.0, 0.0, 0.0, 0.0
0.0, 0.0, 0.0, 0.0075911517428309755, 0.0, 0.0, 0.0, 0.0, 0.0, 0.0, 0.0
0.0, 0.0, 0.0046248363771404415, 0.0, 0.0, 0.0, 0.005505047171499429, 0.0, 0.0, 0.0, 0.0
0.0, 0.0, 0.0, 0.0, 0.0, 0.0, 0.0, 0.0, 0.0, 0.0054149073380013275, 0.0
0.0, 0.0, 0.0, 0.0019353655913485243, 0.003895385521440342, 0.0, 0.0019728242802133345, 0.00156814237657983, 0.0015327707440253976, 0.0, 0.0
0.0, 0.0, 0.0, 0.0, 0.0, 0.0, 0.0, 0.0, 0.006012039976778417, 0.0, 0.0
0.0, 0.0, 0.0, 0.0, 0.0, 0.0, 0.0, 0.0, 0.0, 0.0054149073380013275, 0.0
0.0, 0.0, 0.0, 0.0, 0.0, 0.0, 0.0, 0.006150779360857919, 0.0, 0.0, 0.0
0.0, 0.0, 0.0, 0.0, 0.0, 0.0, 0.0, 0.0, 0.0, 0.007704580691489042, 0.0
0.0, 0.0, 0.006500823714727882, 0.0, 0.0, 0.0, 0.0, 0.0, 0.0, 0.0, 0.0
0.0, 0.0, 0.0, 0.0, 0.007639503027817161, 0.0, 0.0, 0.0, 0.0, 0.0, 0.0
0.0, 3.061640262513259e-05, 0.0, 3.148838877584839e-05, 9.506685528504547e-05, 5.025419622812168e-05, 0.0, 0.0, 4.9876345128662115e-05, 2.2461243460876053e-05, 3.658209872488269e-05
0.0, 0.003763541703791592, 0.001657386251669739, 0.0, 0.001947692760720171, 0.001544382643601348, 0.0, 0.00156814237657983, 0.0, 0.0, 0.0
-0.0, -0.0018252966350528145, -0.0024114691316754664, -0.0018772829316207743, -0.0009446200738728738, -0.0007490169272628343, -0.0, -0.0007605402646053394, -0.0014867704420856258, -0.0, -0.0032714415793685557
0.0, 0.0, 0.0, 0.0, 0.007639503027817161, 0.0, 0.0, 0.0, 0.0, 0.0, 0.0
0.0, 0.0, 0.0, 0.0, 0.0, 0.0, 0.0, 0.004375806726063649, 0.00427710431870883, 0.0, 0.0
0.0, 0.0, 0.0, 0.0, 0.0, 0.0, 0.0, 0.0, 0.0, 0.007704580691489042, 0.0
0.0, 0.0, 0.0, 0.0, 0.0, 0.0, 0.0, 0.0, 0.006012039976778417, 0.0, 0.0
0.0, 0.0, 0.0, 0.0, 0.0, 0.008619013248307187, 0.0, 0.0, 0.0, 0.0, 0.0
0.0, 0.0, 0.0, 0.0, 0.0, 0.006057585734178254, 0.0, 0.0, 0.0, 0.0, 0.0
0.0, 0.0, 0.0, 0.0075911517428309755, 0.0, 0.0, 0.0, 0.0, 0.0, 0.0, 0.0
0.0, 0.0, 0.0024841658410039687, 0.0, 0.0, 0.0011573954486495763, 0.005913917389228802, 0.0, 0.0, 0.0, 0.0
0.0, 0.0, 0.0, 0.0, 0.0, 0.0, 0.0, 0.0, 0.006012039976778417, 0.0, 0.0
0.0, 0.007380935233029503, 0.0, 0.0, 0.0, 0.0, 0.0, 0.0, 0.0, 0.0, 0.0
0.0, 0.0, 0.0, 0.0, 0.0, 0.0, 0.0, 0.006150779360857919, 0.0, 0.0, 0.0
0.0, 0.0, 0.0, 0.0, 0.0, 0.0, 0.0, 0.0, 0.006012039976778417, 0.0, 0.0
0.0, 0.0, 0.0, 0.0, 0.0, 0.0, 0.0, 0.008751613452127298, 0.0, 0.0, 0.0
0.0, 0.0, 0.0, 0.0, 0.0, 0.0, 0.0, 0.0, 0.0, 0.0054149073380013275, 0.0
0.0, 0.0, 0.0, 0.0, 0.0, 0.0, 0.0, 0.0, 0.0, 0.0054149073380013275, 0.0
0.0, 0.0, 0.0, 0.0075911517428309755, 0.0, 0.0, 0.0, 0.0, 0.0, 0.0, 0.0
0.0, 0.0, 0.0046248363771404415, 0.0, 0.0, 0.0, 0.0, 0.0, 0.0, 0.0, 0.00627413464398832
0.0, 0.0028204836779398904, 0.0, 0.0029008139092736216, 0.0014596452154943703, 0.0, 0.0014784793473072006, 0.0, 0.0011486932272311583, 0.0, 0.0
0.0, 0.0, 0.0, 0.0, 0.007639503027817161, 0.0, 0.0, 0.0, 0.0, 0.0, 0.0
0.0, 0.0, 0.0021490312073974564, 0.002509469985853359, 0.005050907742227143, 0.0, 0.0, 0.0, 0.0, 0.0, 0.00291541366003552
0.0, 0.0, 0.0, 0.0, 0.0, 0.0, 0.0, 0.0, 0.006012039976778417, 0.0, 0.0
0.0, 0.0, 0.0, 0.0, 0.0, 0.006057585734178254, 0.0, 0.0, 0.0, 0.0, 0.0
0.0, 0.0, 0.0046248363771404415, 0.005400520959382351, 0.0, 0.0, 0.0, 0.0, 0.0, 0.0, 0.0
0.0, 0.005250968071276379, 0.0, 0.0, 0.0, 0.0, 0.0, 0.0, 0.0, 0.003852290345744521, 0.0
0.0, 0.0, 0.0, 0.0, 0.005050907742227143, 0.0, 0.005116080745352654, 0.002033314142383747, 0.0, 0.0, 0.0
0.0018934226837960797, 0.0, 0.0, 0.0, 0.001947692760720171, 0.001544382643601348, 0.0, 0.00156814237657983, 0.0015327707440253976, 0.0013805316633547036, 0.0
0.0, 0.0, 0.0, 0.0, 0.0, 0.0, 0.0, 0.0, 0.0, 0.007704580691489042, 0.0
0.007426637618373339, 0.0, 0.0, 0.0, 0.0, 0.0, 0.0, 0.0, 0.0, 0.0, 0.0
0.005283481805463849, 0.0, 0.0, 0.0, 0.005434919182053577, 0.0, 0.0, 0.0, 0.0, 0.0, 0.0
0.005283481805463849, 0.0, 0.0, 0.0, 0.0, 0.0, 0.005505047171499429, 0.0, 0.0, 0.0, 0.0
0.0, 0.0, 0.0, 0.0, 0.0, 0.0, 0.002558040372676327, 0.0, 0.001987449913608174, 0.0017900508251233892, 0.00583082732007104
0.0, 0.0014102418389699452, 0.0, 0.0029008139092736216, 0.0, 0.0011573954486495763, 0.0, 0.0035256045974248634, 0.0, 0.0, 0.0
0.0, 0.0, 0.0, 0.0, 0.0, 0.0, 0.0, 0.0, 0.003974899827216348, 0.005370152475370167, 0.0
0.0, 0.0, 0.0, 0.0, 0.0, 0.0, 0.0, 0.0, 0.006012039976778417, 0.0, 0.0
0.0, 0.0, 0.0, 0.0, 0.0, 0.0, 0.0, 0.006150779360857919, 0.0, 0.0, 0.0
0.0, 0.0, 0.007056946041177785, 0.0, 0.0, 0.0, 0.0, 0.0, 0.0, 0.0029390666920932305, 0.0
0.00314312903940885, 0.0, 0.002751302655092299, 0.0, 0.0, 0.0025637138376996427, 0.00327493767654535, 0.0, 0.0, 0.0, 0.0
0.0, 0.0, 0.0, 0.0, 0.0, 0.0, 0.0, 0.0, 0.006012039976778417, 0.0, 0.0
0.0, 0.0, 0.0, 0.0, 0.0, 0.0, 0.0, 0.004375806726063649, 0.0, 0.003852290345744521, 0.0
0.0024550851873983326, 0.0, 0.0021490312073974564, 0.0, 0.0, 0.00200250635234763, 0.002558040372676327, 0.002033314142383747, 0.0, 0.0, 0.0
0.0, 0.0, 0.0, 0.0, 0.0, 0.0, 0.0, 0.0, 0.006012039976778417, 0.0, 0.0
0.0, 0.0, 0.0, 0.0, 0.0, 0.004309506624153594, 0.0, 0.0, 0.00427710431870883, 0.0, 0.0
0.0, 0.00032110773945920876, 0.0, 0.0, 0.0, 0.0007906061766988096, 0.0006732904214467281, 0.0, 0.0005231078462368063, 0.0004711513107189293, 0.0
-0.0, -0.0009126483175264072, -0.0008038230438918221, -0.0009386414658103872, -0.0009446200738728738, -0.0, -0.0, -0.0038027013230266964, -0.0, -0.0013391002401629, -0.00436192210582474
0.0, 0.0, 0.0, 0.0, 0.0, 0.006057585734178254, 0.0, 0.0, 0.0, 0.0, 0.0
0.0, 0.0, 0.0, 0.0, 0.007639503027817161, 0.0, 0.0, 0.0, 0.0, 0.0, 0.0
0.007426637618373339, 0.0, 0.0, 0.0, 0.0, 0.0, 0.0, 0.0, 0.0, 0.0, 0.0
0.0, 0.0, 0.0, 0.005400520959382351, 0.0, 0.0, 0.005505047171499429, 0.0, 0.0, 0.0, 0.0
0.0, 0.0, 0.0, 0.0, 0.0, 0.0, 0.0, 0.006150779360857919, 0.0, 0.0, 0.0
0.0, 0.0, 0.0, 0.005400520959382351, 0.0, 0.0, 0.0, 0.0, 0.0, 0.0, 0.00627413464398832
0.0, 0.0, 0.0, 0.0, 0.0, 0.0, 0.0, 0.0, 0.0, 0.0054149073380013275, 0.0
0.007426637618373339, 0.0, 0.0, 0.0, 0.0, 0.0, 0.0, 0.0, 0.0, 0.0, 0.0
0.0, 0.0, 0.0, 0.0, 0.0, 0.0, 0.0, 0.006150779360857919, 0.0, 0.0, 0.0
0.0, 0.0, 0.0, 0.0, 0.0, 0.0, 0.0, 0.0, 0.0, 0.0054149073380013275, 0.0
0.0, 0.004006173983376312, 0.0, 0.0, 0.0, 0.0032878953146396497, 0.0, 0.0, 0.0, 0.0029390666920932305, 0.0
0.007426637618373339, 0.0, 0.0, 0.0, 0.0, 0.0, 0.0, 0.0, 0.0, 0.0, 0.0
0.0, 0.0, 0.0, 0.0, 0.005434919182053577, 0.0, 0.005505047171499429, 0.0, 0.0, 0.0, 0.0
0.0, 0.0, 0.0, 0.0, 0.0, 0.0, 0.0, 0.0, 0.006012039976778417, 0.0, 0.0
0.005283481805463849, 0.0, 0.0, 0.0, 0.005434919182053577, 0.0, 0.0, 0.0, 0.0, 0.0, 0.0
0.0, 0.0, 0.0, 0.0, 0.0, 0.0, 0.0, 0.006150779360857919, 0.0, 0.0, 0.0
0.0, 0.0, 0.0, 0.0, 0.0, 0.0, 0.0, 0.006150779360857919, 0.0, 0.0, 0.0
0.0, 0.0, 0.006500823714727882, 0.0, 0.0, 0.0, 0.0, 0.0, 0.0, 0.0, 0.0
0.0, 0.007380935233029503, 0.0, 0.0, 0.0, 0.0, 0.0, 0.0, 0.0, 0.0, 0.0
0.0, 0.0, 0.0, 0.0, 0.008293035315906378, 0.0, 0.0, 0.0, 0.003263174297236344, 0.0, 0.0
0.005283481805463849, 0.0, 0.0, 0.0, 0.005434919182053577, 0.0, 0.0, 0.0, 0.0, 0.0, 0.0
0.0, 0.0, 0.0, 0.0, 0.0, 0.0, 0.0, 0.0, 0.0, 0.0, 0.00881913217181834
0.0, 0.0, 0.006500823714727882, 0.0, 0.0, 0.0, 0.0, 0.0, 0.0, 0.0, 0.0
0.0, 0.005250968071276379, 0.0, 0.005400520959382351, 0.0, 0.0, 0.0, 0.0, 0.0, 0.0, 0.0
-0.009365014684431428, -0.0, -0.008197560279326157, -0.0, -0.006422292448134505, -0.005092423809884431, -0.022768062582257484, -0.00517076879157496, -0.010108269818116463, -0.0, -0.02965587983403286
0.0, 0.010501936142552758, 0.0, 0.0, 0.0, 0.0, 0.0, 0.0, 0.0, 0.0, 0.0
0.0, 0.0, 0.0, 0.003212755315598286, 0.0, 0.0025637138376996427, 0.0, 0.0, 0.0025444377938071638, 0.0, 0.003732465734298009
0.0, 3.061640262513259e-05, 2.6965666268748218e-05, 3.148838877584839e-05, 0.0, 5.025419622812168e-05, 0.0, 7.654100656283148e-05, 2.4938172564331057e-05, 2.2461243460876053e-05, 3.658209872488269e-05
0.0, 0.005250968071276379, 0.0, 0.0, 0.0, 0.0, 0.005505047171499429, 0.0, 0.0, 0.0, 0.0
0.0, 0.0, 0.0, 0.0, 0.0, 0.0, 0.007738077260434156, 0.0, 0.0, 0.0, 0.0
0.0, 0.0, 0.0, 0.0, 0.0, 0.00600751905704289, 0.0, 0.0, 0.003974899827216348, 0.0, 0.0
0.0, 0.0, 0.0, 0.0, 0.0, 0.0, 0.0, 0.0, 0.006012039976778417, 0.0, 0.0
0.0, 0.0, 0.0, 0.0, 0.0, 0.0, 0.0, 0.0, 0.0, 0.0, 0.00881913217181834
-0.0, -0.0, -0.0008038230438918221, -0.0009386414658103872, -0.0018892401477457476, -0.005992135418102674, -0.0, -0.0015210805292106787, -0.0, -0.0, -0.001090480526456185
0.0, 0.007380935233029503, 0.0, 0.0, 0.0, 0.0, 0.0, 0.0, 0.0, 0.0, 0.0
0.0, 0.0, 0.0, 0.0, 0.0, 0.0, 0.0, 0.0, 0.0, 0.0, 0.00881913217181834
0.0, 0.0, 0.0, 0.0, 0.0, 0.0, 0.0, 0.0, 0.0, 0.0, 0.00881913217181834
0.0, 0.0, 0.0, 0.0, 0.0, 0.0, 0.0, 0.0, 0.0, 0.0054149073380013275, 0.0
0.0, 0.0, 0.0, 0.0, 0.0, 0.0, 0.007738077260434156, 0.0, 0.0, 0.0, 0.0
0.0, 0.0, 0.0, 0.0, 0.0, 0.0, 0.0, 0.0, 0.006012039976778417, 0.0, 0.0
0.0, 0.0, 0.0, 0.0, 0.005434919182053577, 0.004309506624153594, 0.0, 0.0, 0.0, 0.0, 0.0
0.0, 0.0, 0.0, 0.0, 0.0, 0.0, 0.0, 0.0, 0.0, 0.0054149073380013275, 0.0
-0.0007073810615996659, -0.0, -0.0, -0.00024101696508089883, -0.0, -0.00019232666910495969, -0.00024568180956633555, -0.00019528554093734368, -0.00019088060392371937, -0.000687687232194709, -0.0
0.0, 0.0, 0.0, 0.0, 0.007639503027817161, 0.0, 0.0, 0.0, 0.0, 0.0, 0.0
0.0, 0.0, 0.0, 0.0, 0.0, 0.0, 0.0, 0.0, 0.006012039976778417, 0.0, 0.0
0.0, 0.0, 0.0, 0.0, 0.0, 0.0, 0.0, 0.0, 0.0, 0.0054149073380013275, 0.0
0.0, 0.0, 0.0, 0.0, 0.0, 0.0, 0.0, 0.0, 0.0, 0.0054149073380013275, 0.0
0.0, 0.0, 0.0, 0.0, 0.0, 0.0, 0.0, 0.0, 0.006012039976778417, 0.0, 0.0
0.004030980014233131, 0.0, 0.0, 0.0, 0.004146517657953189, 0.0, 0.0, 0.0, 0.003263174297236344, 0.0, 0.0
0.0, 0.0, 0.006500823714727882, 0.0, 0.0, 0.0, 0.0, 0.0, 0.0, 0.0, 0.0
0.0, 0.0, 0.0, 0.0, 0.008293035315906378, 0.0, 0.0, 0.0, 0.003263174297236344, 0.0, 0.0
-0.0016390664298532713, -0.0032579597344160405, -0.005738953461708472, -0.0, -0.0, -0.002673830590114175, -0.0017078014736858277, -0.00407244966802005, -0.00265372660071482, -0.004780302093386967, -0.0
0.0, 0.0, 0.0, 0.0075911517428309755, 0.0, 0.0, 0.0, 0.0, 0.0, 0.0, 0.0
0.0024550851873983326, 0.0024399769708604965, 0.0, 0.002509469985853359, 0.0, 0.0, 0.0, 0.0, 0.001987449913608174, 0.0, 0.00291541366003552
0.0, 0.0, 0.0, 0.003212755315598286, 0.0032332187252517787, 0.0025637138376996427, 0.0, 0.0, 0.0025444377938071638, 0.0, 0.0
0.0, 0.0, 0.0, 0.0, 0.0, 0.0, 0.007738077260434156, 0.0, 0.0, 0.0, 0.0
0.0, 0.0, 0.0, 0.0, 0.0, 0.0, 0.0, 0.0, 0.006012039976778417, 0.0, 0.0
-0.04614757326701416, -0.06551941171536516, -0.06924815872355668, -0.08760111218272713, -0.0474702744116101, -0.06990391780237823, -0.05495176466449981, -0.04367960781024344, -0.0587047360607595, -0.03364710195315028, -0.03914303089612808
0.007426637618373339, 0.0, 0.0, 0.0, 0.0, 0.0, 0.0, 0.0, 0.0, 0.0, 0.0
0.0, 0.0, 0.006500823714727882, 0.0, 0.0, 0.0, 0.0, 0.0, 0.0, 0.0, 0.0
0.0, 0.0, 0.006500823714727882, 0.0, 0.0, 0.0, 0.0, 0.0, 0.0, 0.0, 0.0
-0.0017951037004735049, -0.0035681138169411817, -0.004713971506121481, -0.0018348686558637406, -0.0, -0.002928376238651223, -0.007481528971005704, -0.0059468563615686365, -0.0014531791860975991, -0.00261769072348958, -0.0
-0.0, -0.0, -0.0010319967610510031, -0.0, -0.0, -0.0, -0.0004913636191326711, -0.00039057108187468735, -0.00038176120784743874, -0.00017192180804867724, -0.0
0.0, 0.0, 0.0, 0.0, 0.0, 0.0, 0.0, 0.0, 0.0, 0.0054149073380013275, 0.0
0.0, 0.0, 0.0024841658410039687, 0.0, 0.0, 0.0, 0.0, 0.0023504030649499088, 0.0022973864544623165, 0.0010346018005987182, 0.0
0.007426637618373339, 0.0, 0.0, 0.0, 0.0, 0.0, 0.0, 0.0, 0.0, 0.0, 0.0
0.0, 0.0, 0.0, 0.0, 0.007639503027817161, 0.0, 0.0, 0.0, 0.0, 0.0, 0.0
0.0, 0.0, 0.0046248363771404415, 0.0, 0.0, 0.004309506624153594, 0.0, 0.0, 0.0, 0.0, 0.0
0.0, 0.0, 2.6965666268748218e-05, 0.0, 0.0, 2.512709811406084e-05, 0.0, 0.0, 9.975269025732423e-05, 8.984497384350421e-05, 3.658209872488269e-05
0.0, 0.0, 0.0, 0.0, 0.0, 0.0032878953146396497, 0.0, 0.0, 0.006526348594472688, 0.0, 0.0
0.0, 0.0, 0.006500823714727882, 0.0, 0.0, 0.0, 0.0, 0.0, 0.0, 0.0, 0.0
0.0, 0.006247573413717283, 0.0, 0.003212755315598286, 0.0, 0.0, 0.0, 0.0, 0.0025444377938071638, 0.0, 0.0
0.0, 0.0, 0.0, 0.002509469985853359, 0.0025254538711135715, 0.00200250635234763, 0.002558040372676327, 0.0, 0.001987449913608174, 0.0, 0.0
-0.0009182993906999454, -0.0009126483175264072, -0.0008038230438918221, -0.0018772829316207743, -0.0, -0.0014980338545256685, -0.0009568087199873624, -0.0007605402646053394, -0.0029735408841712516, -0.0, -0.00218096105291237
0.0037868453675921595, 0.0, 0.0, 0.0019353655913485243, 0.0, 0.001544382643601348, 0.0, 0.0, 0.0, 0.0013805316633547036, 0.0022484394370078445
0.0, 0.001881770851895796, 0.0, 0.0038707311826970485, 0.0, 0.001544382643601348, 0.0, 0.00313628475315966, 0.0, 0.0, 0.0
0.0, 0.0, 0.0, 0.0, 0.0, 0.0, 0.0, 0.0, 0.0, 0.007704580691489042, 0.0
0.0, 0.007380935233029503, 0.0, 0.0, 0.0, 0.0, 0.0, 0.0, 0.0, 0.0, 0.0
0.0, 0.0, 0.0, 0.0, 0.0, 0.0, 0.0, 0.0, 0.0, 0.0054149073380013275, 0.0
0.0, 0.0, 0.006500823714727882, 0.0, 0.0, 0.0, 0.0, 0.0, 0.0, 0.0, 0.0
0.0, 0.0, 0.0, 0.0, 0.0, 0.006057585734178254, 0.0, 0.0, 0.0, 0.0, 0.0
0.0, 0.0, 0.006500823714727882, 0.0, 0.0, 0.0, 0.0, 0.0, 0.0, 0.0, 0.0
0.0, 0.0, 0.006500823714727882, 0.0, 0.0, 0.0, 0.0, 0.0, 0.0, 0.0, 0.0
0.0, 0.0, 0.0, 0.0, 0.0, 0.0, 0.0, 0.0, 0.006012039976778417, 0.0, 0.0
0.0, 0.0, 0.0, 0.0, 0.0, 0.006057585734178254, 0.0, 0.0, 0.0, 0.0, 0.0
0.0, 0.0, 0.0, 0.003212755315598286, 0.0, 0.0025637138376996427, 0.0, 0.0, 0.0025444377938071638, 0.0022917171099978745, 0.0
0.0, 0.0, 0.006500823714727882, 0.0, 0.0, 0.0, 0.0, 0.0, 0.0, 0.0, 0.0
0.0, 0.0, 0.006500823714727882, 0.0, 0.0, 0.0, 0.0, 0.0, 0.0, 0.0, 0.0
0.0, 0.0, 0.0, 0.0, 0.007639503027817161, 0.0, 0.0, 0.0, 0.0, 0.0, 0.0
0.0, 0.0, 0.0, 0.0, 0.0, 0.0, 0.0, 0.006150779360857919, 0.0, 0.0, 0.0
0.0, 0.0, 0.0, 0.0, 0.0, 0.0, 0.0, 0.0, 0.006012039976778417, 0.0, 0.0
-0.0, -0.0012922514799234052, -0.0, -0.0013290561106807173, -0.0, -0.005302799633524074, -0.0027095595546781075, -0.0021537524665390085, -0.002105171583835121, -0.000948040024774507, -0.004632151444578383
0.007426637618373339, 0.0, 0.0, 0.0, 0.0, 0.0, 0.0, 0.0, 0.0, 0.0, 0.0
0.0, 0.0031237867068586414, 0.005502605310184598, 0.0, 0.0, 0.0, 0.0, 0.0, 0.0025444377938071638, 0.0, 0.0
0.0, 0.004006173983376312, 0.0, 0.0, 0.0, 0.0, 0.0, 0.0, 0.003263174297236344, 0.0, 0.0047867887669018425
0.0, 0.0, 0.0, 0.0, 0.0, 0.0025637138376996427, 0.0, 0.0, 0.0, 0.004583434219995749, 0.003732465734298009
0.0, 0.0, 0.0, 0.0, 0.0, 0.0, 0.0, 0.0, 0.006012039976778417, 0.0, 0.0
0.0, 0.0, 0.0, 0.0, 0.0, 0.0, 0.0, 0.0, 0.0, 0.0054149073380013275, 0.0
0.0, 0.0, 0.0, 0.0, 0.007639503027817161, 0.0, 0.0, 0.0, 0.0, 0.0, 0.0
0.0, 0.0, 0.0, 0.0075911517428309755, 0.0, 0.0, 0.0, 0.0, 0.0, 0.0, 0.0
0.0, 0.0, 0.0, 0.0, 0.0, 0.0, 0.0, 0.0, 0.006012039976778417, 0.0, 0.0
0.0, 0.0, 0.0, 0.0, 0.0, 0.0, 0.0, 0.0, 0.0, 0.0, 0.00881913217181834
0.0, 0.0, 0.0, 0.0, 0.0, 0.0, 0.007738077260434156, 0.0, 0.0, 0.0, 0.0
0.0, 0.0, 0.0, 0.0, 0.0, 0.004309506624153594, 0.0, 0.0, 0.0, 0.003852290345744521, 0.0
0.0, 0.0, 0.0, 0.0, 0.0, 0.0, 0.0, 0.0, 0.006012039976778417, 0.0, 0.0
0.0, 0.0, 0.0, 0.0, 0.0, 0.006057585734178254, 0.0, 0.0, 0.0, 0.0, 0.0
0.0, 0.005250968071276379, 0.0, 0.0, 0.0, 0.0, 0.0, 0.0, 0.0, 0.0, 0.00627413464398832
0.0, 0.007380935233029503, 0.0, 0.0, 0.0, 0.0, 0.0, 0.0, 0.0, 0.0, 0.0
0.0, 0.0, 0.0, 0.0, 0.0, 0.0, 0.0, 0.0, 0.0, 0.0054149073380013275, 0.0
0.0, 0.0, 0.006500823714727882, 0.0, 0.0, 0.0, 0.0, 0.0, 0.0, 0.0, 0.0
0.0, 0.0, 0.0, 0.0, 0.0, 0.0, 0.0, 0.006150779360857919, 0.0, 0.0, 0.0
0.0, 0.0, 0.0046248363771404415, 0.0, 0.0, 0.0, 0.005505047171499429, 0.0, 0.0, 0.0, 0.0
0.0, 0.005250968071276379, 0.0046248363771404415, 0.0, 0.0, 0.0, 0.0, 0.0, 0.0, 0.0, 0.0
0.0, 0.0, 0.0, 0.0, 0.0, 0.0, 0.007738077260434156, 0.0, 0.0, 0.0, 0.0
0.0, 0.0, 0.0, 0.0, 0.007639503027817161, 0.0, 0.0, 0.0, 0.0, 0.0, 0.0
0.0, 0.0, 0.006500823714727882, 0.0, 0.0, 0.0, 0.0, 0.0, 0.0, 0.0, 0.0
0.0024550851873983326, 0.0, 0.0, 0.0, 0.0, 0.0, 0.005116080745352654, 0.0, 0.001987449913608174, 0.0017900508251233892, 0.0
0.0, 0.0, 0.0, 0.0, 0.0, 0.0, 0.0, 0.007809466767146604, 0.0, 0.0022917171099978745, 0.0
0.0, 0.0, 0.0, 0.0, 0.0, 0.0, 0.004200021111604197, 0.0, 0.0, 0.005878133384186461, 0.0
0.0, 0.0, 0.0, 0.0, 0.0, 0.0032878953146396497, 0.0, 0.0033384783194802597, 0.003263174297236344, 0.0, 0.0
0.005283481805463849, 0.0, 0.0046248363771404415, 0.0, 0.0, 0.0, 0.0, 0.0, 0.0, 0.0, 0.0
0.0, 0.0, 0.0, 0.0, 0.0, 0.0, 0.0, 0.0, 0.006012039976778417, 0.0, 0.0
0.0, 0.0, 0.0, 0.0075911517428309755, 0.0, 0.0, 0.0, 0.0, 0.0, 0.0, 0.0
3.0805977873585424e-05, 9.184920787539778e-05, 0.0, 0.0, 0.0, 7.538129434218252e-05, 0.0, 0.0, 0.0, 8.984497384350421e-05, 0.0
0.0, 0.007380935233029503, 0.0, 0.0, 0.0, 0.0, 0.0, 0.0, 0.0, 0.0, 0.0
-0.00048082102840273463, -0.0, -0.00042088127960456174, -0.0, -0.0, -0.0015687393148897304, -0.0010019689817682793, -0.0003982184414720084, -0.0011677082118352125, -0.00035057605456903675, -0.0
0.005283481805463849, 0.0, 0.0, 0.005400520959382351, 0.0, 0.0, 0.0, 0.0, 0.0, 0.0, 0.0
0.0, 0.0, 0.0, 0.0075911517428309755, 0.0, 0.0, 0.0, 0.0, 0.0, 0.0, 0.0
0.0, 0.0, 0.0, 0.0075911517428309755, 0.0, 0.0, 0.0, 0.0, 0.0, 0.0, 0.0
0.0, 0.0, 0.0, 0.0, 0.0, 0.0, 0.0, 0.0, 0.006012039976778417, 0.0, 0.0
0.005283481805463849, 0.0, 0.0, 0.0, 0.0, 0.0, 0.005505047171499429, 0.0, 0.0, 0.0, 0.0
0.0, 0.0, 0.0, 0.0, 0.0, 0.0, 0.0, 0.0, 0.006012039976778417, 0.0, 0.0
0.0, 0.0, 0.0, 0.0, 0.007639503027817161, 0.0, 0.0, 0.0, 0.0, 0.0, 0.0
0.0, 0.0, 0.0, 0.0, 0.0, 0.006057585734178254, 0.0, 0.0, 0.0, 0.0, 0.0
0.0, 0.0, 0.0, 0.0, 0.0, 0.0, 0.0, 0.0, 0.006012039976778417, 0.0, 0.0
-0.0, -0.0009126483175264072, -0.0, -0.0018772829316207743, -0.0018892401477457476, -0.0007490169272628343, -0.0, -0.0, -0.0022301556631284386, -0.0, -0.006542883158737111
0.0, 0.0, 0.0, 0.0, 0.0, 0.0, 0.004200021111604197, 0.006676956638960519, 0.0, 0.0, 0.0
0.0, 0.0, 0.006500823714727882, 0.0, 0.0, 0.0, 0.0, 0.0, 0.0, 0.0, 0.0
0.0, 0.008012347966752624, 0.0, 0.0, 0.0, 0.0, 0.0, 0.0, 0.0, 0.0029390666920932305, 0.0
0.0, 0.0, 0.0, 0.0, 0.005434919182053577, 0.0, 0.0, 0.0, 0.00427710431870883, 0.0, 0.0
0.0, 0.0, 0.0, 0.0, 0.0, 0.0, 0.0, 0.0033384783194802597, 0.0, 0.005878133384186461, 0.0
0.0, 0.0, 0.0, 0.005400520959382351, 0.0, 0.0, 0.0, 0.0, 0.0, 0.0, 0.00627413464398832
0.0, 0.005250968071276379, 0.0, 0.0, 0.0, 0.0, 0.0, 0.0, 0.0, 0.0, 0.00627413464398832
0.0, 0.0, 0.0, 0.0, 0.0, 0.0, 0.0, 0.0, 0.0, 0.0, 0.00881913217181834
0.0, 0.0, 0.0, 0.0, 0.0, 0.0, 0.0, 0.0, 0.0, 0.0054149073380013275, 0.0
0.0, 0.0, 0.006500823714727882, 0.0, 0.0, 0.0, 0.0, 0.0, 0.0, 0.0, 0.0
0.0, 0.0, 0.006500823714727882, 0.0, 0.0, 0.0, 0.0, 0.0, 0.0, 0.0, 0.0
0.0, 0.0, 0.006500823714727882, 0.0, 0.0, 0.0, 0.0, 0.0, 0.0, 0.0, 0.0
0.007426637618373339, 0.0, 0.0, 0.0, 0.0, 0.0, 0.0, 0.0, 0.0, 0.0, 0.0
0.007426637618373339, 0.0, 0.0, 0.0, 0.0, 0.0, 0.0, 0.0, 0.0, 0.0, 0.0
0.0, 0.0, 0.0, 0.010801041918764702, 0.0, 0.0, 0.0, 0.0, 0.0, 0.0, 0.0
0.0, 0.0, 0.006500823714727882, 0.0, 0.0, 0.0, 0.0, 0.0, 0.0, 0.0, 0.0
0.0, 0.0, 0.0, 0.0, 0.0, 0.0, 0.0, 0.0, 0.006012039976778417, 0.0, 0.0
0.0, 0.008012347966752624, 0.0, 0.0, 0.0, 0.0, 0.0, 0.0, 0.0, 0.0029390666920932305, 0.0
0.0, 0.0, 0.0, 0.0, 0.0, 0.0, 0.0, 0.0, 0.00427710431870883, 0.0, 0.00627413464398832
0.0, 0.0, 0.006500823714727882, 0.0, 0.0, 0.0, 0.0, 0.0, 0.0, 0.0, 0.0
0.0, 0.0, 0.0, 0.0, 0.007639503027817161, 0.0, 0.0, 0.0, 0.0, 0.0, 0.0
0.0, 0.0, 0.0, 0.007252034773184054, 0.0, 0.0, 0.0, 0.0, 0.0011486932272311583, 0.0010346018005987182, 0.0
0.005283481805463849, 0.0, 0.0, 0.0, 0.005434919182053577, 0.0, 0.0, 0.0, 0.0, 0.0, 0.0
0.0, 0.0, 0.0, 0.0075911517428309755, 0.0, 0.0, 0.0, 0.0, 0.0, 0.0, 0.0
0.0, 0.0, 0.0, 0.0, 0.007639503027817161, 0.0, 0.0, 0.0, 0.0, 0.0, 0.0
0.0, 0.0, 0.0, 0.0, 0.0, 0.0, 0.0, 0.0, 0.0, 0.0054149073380013275, 0.0
0.0, 0.0, 0.0, 0.0, 0.0, 0.0, 0.007738077260434156, 0.0, 0.0, 0.0, 0.0
0.0, 0.0, 0.0, 0.0075911517428309755, 0.0, 0.0, 0.0, 0.0, 0.0, 0.0, 0.0
0.0, 0.0, 0.0, 0.0, 0.0, 0.0, 0.0, 0.006150779360857919, 0.0, 0.0, 0.0
0.0, 0.0, 0.0, 0.0, 0.0, 0.0, 0.0, 0.0, 0.0, 0.0, 0.00881913217181834
0.0, 0.0, 0.0, 0.0, 0.007639503027817161, 0.0, 0.0, 0.0, 0.0, 0.0, 0.0
0.0, 0.0, 0.0, 0.0, 0.0, 0.0, 0.0, 0.0, 0.006012039976778417, 0.0, 0.0
0.0, 0.0, 0.0, 0.0, 0.0, 0.0, 0.007738077260434156, 0.0, 0.0, 0.0, 0.0
0.0, 0.0, 0.0, 0.0075911517428309755, 0.0, 0.0, 0.0, 0.0, 0.0, 0.0, 0.0
0.0, 0.0, 0.0, 0.0, 0.0, 0.0, 0.007738077260434156, 0.0, 0.0, 0.0, 0.0
0.0, 0.0, 0.0, 0.0, 0.0, 0.0, 0.0, 0.0, 0.006012039976778417, 0.0, 0.0
0.0, 0.0, 0.0, 0.0, 0.0, 0.006057585734178254, 0.0, 0.0, 0.0, 0.0, 0.0
0.0, 0.0, 0.0, 0.0, 0.0, 0.0, 0.007738077260434156, 0.0, 0.0, 0.0, 0.0
0.0, 0.005250968071276379, 0.0, 0.0, 0.0, 0.0, 0.0, 0.004375806726063649, 0.0, 0.0, 0.0
0.0, 0.0, 0.006500823714727882, 0.0, 0.0, 0.0, 0.0, 0.0, 0.0, 0.0, 0.0
0.0, 0.0, 0.0, 0.0, 0.0, 0.0, 0.0, 0.0, 0.006012039976778417, 0.0, 0.0
0.0, 0.0, 0.006500823714727882, 0.0, 0.0, 0.0, 0.0, 0.0, 0.0, 0.0, 0.0
0.0, 0.0, 0.0, 0.0, 0.0, 0.0, 0.0, 0.006150779360857919, 0.0, 0.0, 0.0
0.0, 0.007380935233029503, 0.0, 0.0, 0.0, 0.0, 0.0, 0.0, 0.0, 0.0, 0.0
0.0, 0.007380935233029503, 0.0, 0.0, 0.0, 0.0, 0.0, 0.0, 0.0, 0.0, 0.0
0.0, 0.0, 0.0, 0.0, 0.008293035315906378, 0.0, 0.004200021111604197, 0.0, 0.0, 0.0, 0.0
0.0, 0.0, 0.0, 0.0, 0.007639503027817161, 0.0, 0.0, 0.0, 0.0, 0.0, 0.0
0.0, 0.0, 0.0, 0.0, 0.0, 0.0, 0.0, 0.006150779360857919, 0.0, 0.0, 0.0
0.007426637618373339, 0.0, 0.0, 0.0, 0.0, 0.0, 0.0, 0.0, 0.0, 0.0, 0.0
0.005283481805463849, 0.0, 0.0, 0.0, 0.0, 0.0, 0.005505047171499429, 0.0, 0.0, 0.0, 0.0
0.0, 0.0, 0.0, 0.0, 0.0, 0.0, 0.007738077260434156, 0.0, 0.0, 0.0, 0.0
0.0, 0.0, 0.0, 0.0, 0.0, 0.006057585734178254, 0.0, 0.0, 0.0, 0.0, 0.0
0.0, 0.0, 0.0, 0.0, 0.0, 0.0, 0.0, 0.0, 0.006012039976778417, 0.0, 0.0
0.0, 0.0, 0.006500823714727882, 0.0, 0.0, 0.0, 0.0, 0.0, 0.0, 0.0, 0.0
0.0, 0.007380935233029503, 0.0, 0.0, 0.0, 0.0, 0.0, 0.0, 0.0, 0.0, 0.0
0.0, 0.007380935233029503, 0.0, 0.0, 0.0, 0.0, 0.0, 0.0, 0.0, 0.0, 0.0
0.0, 0.0, 0.0, 0.0, 0.0, 0.0, 0.0, 0.006150779360857919, 0.0, 0.0, 0.0
0.0, 0.005250968071276379, 0.0, 0.0, 0.0, 0.0, 0.0, 0.0, 0.0, 0.003852290345744521, 0.0
0.0, 0.0, 0.0, 0.0, 0.0, 0.0, 0.0, 0.0033384783194802597, 0.0, 0.005878133384186461, 0.0
0.0, 0.0, 0.0, 0.0, 0.0, 0.004309506624153594, 0.0, 0.0, 0.00427710431870883, 0.0, 0.0
0.0, 0.0, 0.006500823714727882, 0.0, 0.0, 0.0, 0.0, 0.0, 0.0, 0.0, 0.0
0.0, 0.0, 0.0, 0.0, 0.0, 0.004309506624153594, 0.0, 0.0, 0.0, 0.003852290345744521, 0.0
0.0, 0.0, 0.0, 0.0, 0.0, 0.0, 0.0, 0.0, 0.0, 0.0, 0.00881913217181834
0.0, 0.0, 0.0, 0.0, 0.0, 0.0, 0.0, 0.0, 0.006012039976778417, 0.0, 0.0
0.007426637618373339, 0.0, 0.0, 0.0, 0.0, 0.0, 0.0, 0.0, 0.0, 0.0, 0.0
-0.019858578695230313, -0.0, -0.026074475278696715, -0.013532322612994497, -0.006809257875328442, -0.005399260032457401, -0.0034485596336340817, -0.008223488357127426, -0.0053586640923637355, -0.002413213287644617, -0.011791031100293
-0.004944320100419639, -0.0, -0.0, -0.005053846178593491, -0.010172072563283716, -0.006049300728922512, -0.01287915639060922, -0.004094911262655239, -0.002001272421598425, -0.009012502214647536, -0.00293569005962416
-0.009394117472227872, -0.007002230638914467, -0.002055758769328999, -0.0, -0.007247531712252234, -0.0019155933986929308, -0.007341048250474844, -0.003890128132730259, -0.0019011904408080215, -0.01027415330766231, -0.0
0.0, 0.0, 0.0, 0.0, 0.0, 0.0, 0.0, 0.0, 0.006012039976778417, 0.0, 0.0
0.0, 0.0, 0.0, 0.0, 0.005434919182053577, 0.0, 0.0, 0.004375806726063649, 0.0, 0.0, 0.0
0.0, 0.007380935233029503, 0.0, 0.0, 0.0, 0.0, 0.0, 0.0, 0.0, 0.0, 0.0
0.007426637618373339, 0.0, 0.0, 0.0, 0.0, 0.0, 0.0, 0.0, 0.0, 0.0, 0.0
0.0, 0.0, 0.0, 0.0, 0.0, 0.0, 0.0, 0.006150779360857919, 0.0, 0.0, 0.0
0.0, 0.0, 0.006500823714727882, 0.0, 0.0, 0.0, 0.0, 0.0, 0.0, 0.0, 0.0
0.0, 0.0, 0.0, 0.0, 0.0, 0.0, 0.0, 0.006150779360857919, 0.0, 0.0, 0.0
0.0, 0.0, 0.0, 0.0075911517428309755, 0.0, 0.0, 0.0, 0.0, 0.0, 0.0, 0.0
0.0, 0.0, 0.0, 0.0, 0.0, 0.0, 0.007738077260434156, 0.0, 0.0, 0.0, 0.0
0.0, 0.0, 0.0, 0.0, 0.005434919182053577, 0.0, 0.0, 0.0, 0.0, 0.003852290345744521, 0.0
0.0, 0.0, 0.0, 0.005400520959382351, 0.0, 0.0, 0.0, 0.0, 0.0, 0.0, 0.00627413464398832
0.007426637618373339, 0.0, 0.0, 0.0, 0.0, 0.0, 0.0, 0.0, 0.0, 0.0, 0.0
0.0, 0.0, 0.0, 0.0, 0.0, 0.0, 0.0, 0.0, 0.0, 0.0054149073380013275, 0.0
0.007426637618373339, 0.0, 0.0, 0.0, 0.0, 0.0, 0.0, 0.0, 0.0, 0.0, 0.0
0.0, 0.0, 0.0, 0.0, 0.0, 0.0, 0.0, 0.0, 0.006012039976778417, 0.0, 0.0
0.0, 0.0, 0.0, 0.0, 0.0, 0.0, 0.005505047171499429, 0.0, 0.0, 0.003852290345744521, 0.0
0.0, 0.0, 0.0046248363771404415, 0.0, 0.0, 0.004309506624153594, 0.0, 0.0, 0.0, 0.0, 0.0
0.0, 0.0, 0.0, 0.0, 0.0, 0.0032878953146396497, 0.0, 0.0, 0.003263174297236344, 0.0029390666920932305, 0.0
0.0, 0.0, 0.0, 0.0, 0.0, 0.0, 0.007738077260434156, 0.0, 0.0, 0.0, 0.0
0.0, 0.0, 0.0, 0.0, 0.0, 0.0, 0.0, 0.006150779360857919, 0.0, 0.0, 0.0
0.005283481805463849, 0.0, 0.0, 0.0, 0.0, 0.004309506624153594, 0.0, 0.0, 0.0, 0.0, 0.0
0.004910170374796665, 0.0, 0.0, 0.0, 0.0025254538711135715, 0.00200250635234763, 0.002558040372676327, 0.0, 0.0, 0.0, 0.0
0.0, 0.0, 0.0, 0.0, 0.0, 0.0, 0.0, 0.0, 0.006012039976778417, 0.0, 0.0
0.0018934226837960797, 0.0, 0.0, 0.0, 0.0, 0.001544382643601348, 0.0, 0.0, 0.004598312232076193, 0.0013805316633547036, 0.0
0.0, 0.0, 0.0, 0.0, 0.0, 0.009863685943918949, 0.0, 0.0, 0.0, 0.0, 0.0
0.0, 0.0, 0.0, 0.0, 0.0, 0.0, 0.0, 0.01001543495844078, 0.0, 0.0, 0.0
0.0, 0.0, 0.0, 0.0, 0.0, 0.0, 0.005505047171499429, 0.0, 0.0, 0.003852290345744521, 0.0
0.0, 0.0, 0.0, 0.0075911517428309755, 0.0, 0.0, 0.0, 0.0, 0.0, 0.0, 0.0
0.0, 0.0, 0.0, 0.0, 0.0, 0.0, 0.0, 0.0, 0.006012039976778417, 0.0, 0.0
0.0, 0.007380935233029503, 0.0, 0.0, 0.0, 0.0, 0.0, 0.0, 0.0, 0.0, 0.0
0.0, 0.0014102418389699452, 0.0, 0.0014504069546368108, 0.0, 0.0023147908972991527, 0.0014784793473072006, 0.0011752015324749544, 0.0, 0.0, 0.0016850316090633536
0.0, 0.0, 0.0, 0.0, 0.0, 0.0, 0.0, 0.0, 0.0, 0.0054149073380013275, 0.0
0.0, 0.007380935233029503, 0.0, 0.0, 0.0, 0.0, 0.0, 0.0, 0.0, 0.0, 0.0
0.0, 0.0, 0.0035284730205888924, 0.0, 0.0, 0.0, 0.0, 0.0033384783194802597, 0.0, 0.0029390666920932305, 0.0
0.0, 0.0, 0.0, 0.0, 0.0, 0.0, 0.0, 0.0, 0.006012039976778417, 0.0, 0.0
0.0, 0.007380935233029503, 0.0, 0.0, 0.0, 0.0, 0.0, 0.0, 0.0, 0.0, 0.0
0.0, 0.0, 0.0, 0.005400520959382351, 0.0, 0.004309506624153594, 0.0, 0.0, 0.0, 0.0, 0.0
0.0062862580788177, 0.0, 0.0, 0.0, 0.0032332187252517787, 0.0, 0.00327493767654535, 0.0, 0.0, 0.0, 0.0
-0.011660362860173766, -0.0, -0.003402255830023601, -0.0, -0.0, -0.009510851524838703, -0.0, -0.004828586158764265, -0.0, -0.005667866371461439, -0.0
0.0, 0.0, 0.0, 0.0, 0.0, 0.0, 0.005505047171499429, 0.0, 0.0, 0.0, 0.00627413464398832
0.0, 0.0, 0.006500823714727882, 0.0, 0.0, 0.0, 0.0, 0.0, 0.0, 0.0, 0.0
0.0, 0.0, 0.0, 0.0, 0.0, 0.0, 0.007738077260434156, 0.0, 0.0, 0.0, 0.0
0.0, 0.0, 0.0, 0.0, 0.0, 0.0, 0.00327493767654535, 0.0026031555890488676, 0.0025444377938071638, 0.0022917171099978745, 0.0
0.004030980014233131, 0.0, 0.0, 0.0, 0.0, 0.0, 0.004200021111604197, 0.0033384783194802597, 0.0, 0.0, 0.0
0.0, 0.0, 0.0, 0.00824054775061583, 0.0, 0.0, 0.0, 0.0, 0.0, 0.0, 0.0047867887669018425
0.0, 0.0, 0.006500823714727882, 0.0, 0.0, 0.0, 0.0, 0.0, 0.0, 0.0, 0.0
0.0024550851873983326, 0.0, 0.0, 0.0, 0.0, 0.00200250635234763, 0.002558040372676327, 0.0, 0.001987449913608174, 0.0017900508251233892, 0.0
0.007426637618373339, 0.0, 0.0, 0.0, 0.0, 0.0, 0.0, 0.0, 0.0, 0.0, 0.0
0.0, 0.0, 0.0, 0.0, 0.0, 0.0, 0.0, 0.006150779360857919, 0.0, 0.0, 0.0
0.0, 0.0, 0.0, 0.0, 0.0, 0.0, 0.007738077260434156, 0.0, 0.0, 0.0, 0.0
0.0003230960226756745, 0.00032110773945920876, 0.0, 0.0, 0.0, 0.0002635353922329365, 0.0, 0.000267589782882674, 0.00026155392311840315, 0.0009423026214378586, 0.00038367652692736345
0.0, 0.0, 0.0, 0.0, 0.0, 0.006057585734178254, 0.0, 0.0, 0.0, 0.0, 0.0
0.0, 0.0, 0.0, 0.005400520959382351, 0.0, 0.0, 0.0, 0.004375806726063649, 0.0, 0.0, 0.0
0.0, 0.0, 0.006500823714727882, 0.0, 0.0, 0.0, 0.0, 0.0, 0.0, 0.0, 0.0
0.0, 0.0, 0.0, 0.0, 0.0, 0.006057585734178254, 0.0, 0.0, 0.0, 0.0, 0.0
0.0, 0.0, 0.0, 0.0, 0.0, 0.0, 0.007738077260434156, 0.0, 0.0, 0.0, 0.0
0.0, 0.0, 0.0, 0.0, 0.0, 0.0, 0.007738077260434156, 0.0, 0.0, 0.0, 0.0
0.0018934226837960797, 0.0, 0.0, 0.0, 0.0, 0.001544382643601348, 0.0019728242802133345, 0.00156814237657983, 0.0015327707440253976, 0.0013805316633547036, 0.0
0.007426637618373339, 0.0, 0.0, 0.0, 0.0, 0.0, 0.0, 0.0, 0.0, 0.0, 0.0
0.0, 0.005250968071276379, 0.0046248363771404415, 0.0, 0.0, 0.0, 0.0, 0.0, 0.0, 0.0, 0.0
0.0, 0.0, 0.006500823714727882, 0.0, 0.0, 0.0, 0.0, 0.0, 0.0, 0.0, 0.0
0.0, 0.007380935233029503, 0.0, 0.0, 0.0, 0.0, 0.0, 0.0, 0.0, 0.0, 0.0
0.0, 0.007380935233029503, 0.0, 0.0, 0.0, 0.0, 0.0, 0.0, 0.0, 0.0, 0.0
0.0, 0.0, 0.0, 0.0, 0.0, 0.0, 0.0, 0.0, 0.0, 0.007704580691489042, 0.0
0.0, 0.0, 0.006500823714727882, 0.0, 0.0, 0.0, 0.0, 0.0, 0.0, 0.0, 0.0
0.0, 0.0, 0.0, 0.0, 0.007639503027817161, 0.0, 0.0, 0.0, 0.0, 0.0, 0.0
0.0, 0.0, 0.0, 0.003212755315598286, 0.0, 0.0025637138376996427, 0.0, 0.0, 0.0025444377938071638, 0.0, 0.003732465734298009
0.0, 0.0, 0.0, 0.0, 0.0, 0.0, 0.007738077260434156, 0.0, 0.0, 0.0, 0.0
0.0, 0.0, 0.0, 0.0, 0.0, 0.004309506624153594, 0.0, 0.0, 0.0, 0.0, 0.00627413464398832
0.0, 0.0, 0.006500823714727882, 0.0, 0.0, 0.0, 0.0, 0.0, 0.0, 0.0, 0.0
0.0, 0.0, 0.0, 0.0, 0.0, 0.0, 0.0, 0.006150779360857919, 0.0, 0.0, 0.0
0.004030980014233131, 0.0, 0.0, 0.0, 0.004146517657953189, 0.0, 0.004200021111604197, 0.0, 0.0, 0.0, 0.0
0.0, 0.0, 0.0, 0.0, 0.007639503027817161, 0.0, 0.0, 0.0, 0.0, 0.0, 0.0
0.0037868453675921595, 0.0, 0.003314772503339478, 0.0, 0.0, 0.001544382643601348, 0.0019728242802133345, 0.0, 0.0, 0.0, 0.0
0.0, 0.0, 0.0, 0.0, 0.0, 0.0, 0.0, 0.006150779360857919, 0.0, 0.0, 0.0
0.007426637618373339, 0.0, 0.0, 0.0, 0.0, 0.0, 0.0, 0.0, 0.0, 0.0, 0.0
0.0, 0.0, 0.0, 0.0, 0.0, 0.0, 0.0, 0.006150779360857919, 0.0, 0.0, 0.0
0.0, 0.0, 0.0046248363771404415, 0.0, 0.0, 0.0, 0.0, 0.004375806726063649, 0.0, 0.0, 0.0
0.0, 0.0, 0.0, 0.0, 0.0, 0.0, 0.0, 0.0, 0.006012039976778417, 0.0, 0.0
0.0, 0.0, 0.006500823714727882, 0.0, 0.0, 0.0, 0.0, 0.0, 0.0, 0.0, 0.0
0.0, 0.0, 0.0, 0.0, 0.0, 0.006057585734178254, 0.0, 0.0, 0.0, 0.0, 0.0
0.0, 0.00032110773945920876, 0.0, 0.0006605064261028028, 0.0003323567367014104, 0.0, 0.0, 0.0, 0.0013077696155920156, 0.00023557565535946466, 0.0
0.0, 0.0, 0.0, 0.0075911517428309755, 0.0, 0.0, 0.0, 0.0, 0.0, 0.0, 0.0
0.0, 0.0, 0.0, 0.0075911517428309755, 0.0, 0.0, 0.0, 0.0, 0.0, 0.0, 0.0
0.0, 0.0, 0.0, 0.0, 0.0, 0.0, 0.0, 0.006150779360857919, 0.0, 0.0, 0.0
0.0, 0.0, 0.0, 0.0, 0.0, 0.0, 0.0, 0.0, 0.006012039976778417, 0.0, 0.0
0.0, 0.0, 0.0, 0.0, 0.0, 0.0, 0.0, 0.0, 0.0, 0.0054149073380013275, 0.0
0.0, 0.0, 0.0, 0.0, 0.0, 0.0, 0.0, 0.0, 0.006012039976778417, 0.0, 0.0
0.0, 0.0, 0.0, 0.0, 0.0, 0.0, 0.0, 0.0, 0.0, 0.007704580691489042, 0.0
0.0, 0.0, 0.0, 0.0, 0.0, 0.0, 0.0, 0.008751613452127298, 0.0, 0.0, 0.0
0.004910170374796665, 0.0, 0.0, 0.0, 0.0, 0.00200250635234763, 0.002558040372676327, 0.0, 0.001987449913608174, 0.0, 0.0
0.0, 0.0, 0.0, 0.0, 0.0, 0.0, 0.0, 0.0, 0.0, 0.0, 0.00881913217181834
0.007426637618373339, 0.0, 0.0, 0.0, 0.0, 0.0, 0.0, 0.0, 0.0, 0.0, 0.0
0.0, 0.0010021542758132365, 0.0017653124099691157, 0.0, 0.0, 0.0, 0.0, 0.001670257126355394, 0.0016325821535804602, 0.0007352147621654668, 0.0
0.0, 0.0, 0.0, 0.0, 0.0, 0.006057585734178254, 0.0, 0.0, 0.0, 0.0, 0.0
0.0, 0.007380935233029503, 0.0, 0.0, 0.0, 0.0, 0.0, 0.0, 0.0, 0.0, 0.0
0.0, 0.0, 0.0, 0.0, 0.007639503027817161, 0.0, 0.0, 0.0, 0.0, 0.0, 0.0
0.0, 0.0, 0.0, 0.0, 0.0, 0.0, 0.0, 0.0, 0.0, 0.0054149073380013275, 0.0
0.007426637618373339, 0.0, 0.0, 0.0, 0.0, 0.0, 0.0, 0.0, 0.0, 0.0, 0.0
0.0, 0.0, 0.0, 0.0, 0.0, 0.0, 0.0, 0.0, 0.0, 0.0, 0.00881913217181834
0.0, 0.0, 0.0, 0.0, 0.0, 0.0, 0.0, 0.0, 0.006012039976778417, 0.0, 0.0
0.0, 0.0, 0.0, 0.0, 0.0, 0.0, 0.0, 0.0, 0.0, 0.003852290345744521, 0.00627413464398832
0.0, 0.0, 0.006500823714727882, 0.0, 0.0, 0.0, 0.0, 0.0, 0.0, 0.0, 0.0
0.0, 0.007380935233029503, 0.0, 0.0, 0.0, 0.0, 0.0, 0.0, 0.0, 0.0, 0.0
0.0, 0.0, 0.0, 0.0075911517428309755, 0.0, 0.0, 0.0, 0.0, 0.0, 0.0, 0.0
0.0, 0.0, 0.0, 0.0, 0.0, 0.0, 0.007738077260434156, 0.0, 0.0, 0.0, 0.0
0.007426637618373339, 0.0, 0.0, 0.0, 0.0, 0.0, 0.0, 0.0, 0.0, 0.0, 0.0
0.0, 0.0, 0.0, 0.0, 0.0, 0.006057585734178254, 0.0, 0.0, 0.0, 0.0, 0.0
0.0, 0.0, 0.0, 0.0, 0.0, 0.0, 0.007738077260434156, 0.0, 0.0, 0.0, 0.0
0.0, 0.0, 0.0, 0.0, 0.0, 0.0, 0.0, 0.0, 0.006012039976778417, 0.0, 0.0
0.0, 0.0, 0.0035284730205888924, 0.0, 0.0, 0.0032878953146396497, 0.0, 0.0, 0.003263174297236344, 0.0, 0.0
0.0, 0.0, 0.006500823714727882, 0.0, 0.0, 0.0, 0.0, 0.0, 0.0, 0.0, 0.0
0.0, 0.0, 0.006500823714727882, 0.0, 0.0, 0.0, 0.0, 0.0, 0.0, 0.0, 0.0
0.0, 0.0, 0.0, 0.0, 0.0, 0.0, 0.007738077260434156, 0.0, 0.0, 0.0, 0.0
0.0, 0.007380935233029503, 0.0, 0.0, 0.0, 0.0, 0.0, 0.0, 0.0, 0.0, 0.0
0.0, 0.0, 0.0, 0.0, 0.0, 0.0, 0.007738077260434156, 0.0, 0.0, 0.0, 0.0
0.0, 0.001881770851895796, 0.001657386251669739, 0.0, 0.003895385521440342, 0.001544382643601348, 0.0, 0.0, 0.0, 0.0, 0.0022484394370078445
0.0, 0.0, 0.0, 0.0, 0.0, 0.0, 0.0, 0.0, 0.006012039976778417, 0.0, 0.0
-0.012712130895697255, -0.021056503996462635, -0.01112742081113879, -0.02165621455332391, -0.0043588304451276155, -0.013824977371414861, -0.013245220255839399, -0.01754708666371886, -0.010290772629850158, -0.030895547624606574, -0.015095655438640491
-0.0815449566979163, -0.21071216810741572, -0.11420713718559117, -0.20004319757033137, -0.08388223252683746, -0.09311775105757007, -0.09346104230570858, -0.18234706855449437, -0.07261384239290641, -0.08918404406352246, -0.13556849051028583
0.0, 6.123280525026518e-05, 8.089699880624465e-05, 3.148838877584839e-05, 0.0, 2.512709811406084e-05, 0.0, 2.5513668854277158e-05, 7.481451769299318e-05, 0.0, 0.0
0.0, 0.007380935233029503, 0.0, 0.0, 0.0, 0.0, 0.0, 0.0, 0.0, 0.0, 0.0
0.0, 0.0, 0.0, 0.0, 0.0, 0.0, 0.0, 0.0, 0.006012039976778417, 0.0, 0.0
0.0024550851873983326, 0.0, 0.0021490312073974564, 0.002509469985853359, 0.0, 0.0, 0.0, 0.0, 0.001987449913608174, 0.0, 0.00291541366003552
0.004030980014233131, 0.0, 0.0035284730205888924, 0.0, 0.0, 0.0, 0.0, 0.0, 0.003263174297236344, 0.0, 0.0
0.0, 0.0, 0.0, 0.0, 0.0, 0.0, 0.007738077260434156, 0.0, 0.0, 0.0, 0.0
0.0, 0.003763541703791592, 0.0, 0.0, 0.001947692760720171, 0.0, 0.003945648560426669, 0.00156814237657983, 0.0, 0.0, 0.0
0.0, 0.0, 0.0, 0.0, 0.0, 0.004309506624153594, 0.0, 0.0, 0.0, 0.003852290345744521, 0.0
0.0, 0.0, 0.0, 0.002509469985853359, 0.0025254538711135715, 0.0, 0.0, 0.0, 0.0, 0.005370152475370167, 0.0
0.0, 0.0, 0.0, 0.0014504069546368108, 0.0014596452154943703, 0.0011573954486495763, 0.0014784793473072006, 0.0, 0.003446079681693475, 0.0, 0.0
0.0, 0.005250968071276379, 0.0, 0.0, 0.0, 0.004309506624153594, 0.0, 0.0, 0.0, 0.0, 0.0
0.0, 0.0, 0.0, 0.0, 0.0, 0.0, 0.0, 0.0, 0.006012039976778417, 0.0, 0.0
0.0, 0.0, 0.0, 0.0, 0.0, 0.0, 0.0, 0.002033314142383747, 0.0, 0.005370152475370167, 0.00291541366003552
0.0, 0.0, 0.0, 0.0, 0.0, 0.0, 0.0, 0.006150779360857919, 0.0, 0.0, 0.0
0.0, 0.0, 0.0, 0.0, 0.007639503027817161, 0.0, 0.0, 0.0, 0.0, 0.0, 0.0
-0.006434457151855664, -0.009592290738689443, -0.011264659404061676, -0.013153985190185945, -0.0066188842676731825, -0.010496614444693835, -0.01005643383894861, -0.005329050410383024, -0.005208846265787917, -0.014074467223810694, -0.0
0.0, 0.0, 0.0, 0.0, 0.0, 0.0, 0.00327493767654535, 0.0026031555890488676, 0.0, 0.0, 0.007464931468596018
0.0, 0.0, 0.0, 0.0, 0.0, 0.0, 0.007738077260434156, 0.0, 0.0, 0.0, 0.0
0.0, 0.0, 0.0, 0.004120273875307915, 0.0, 0.0, 0.0, 0.006676956638960519, 0.0, 0.0, 0.0
0.0, 0.0, 0.001657386251669739, 0.0, 0.0, 0.0, 0.0019728242802133345, 0.00313628475315966, 0.0015327707440253976, 0.0013805316633547036, 0.0
0.0, 0.0, 0.0, 0.0, 0.0, 0.006057585734178254, 0.0, 0.0, 0.0, 0.0, 0.0
0.0, 0.0, 0.0, 0.0, 0.0, 0.0, 0.0, 0.0, 0.0, 0.008817200076279692, 0.0
0.0, 0.007380935233029503, 0.0, 0.0, 0.0, 0.0, 0.0, 0.0, 0.0, 0.0, 0.0
0.0, 0.0, 0.0, 0.0, 0.0, 0.006057585734178254, 0.0, 0.0, 0.0, 0.0, 0.0
0.0010083595654467549, 0.0010021542758132365, 0.0017653124099691157, 0.0, 0.0010372615912079676, 0.0008224751000992472, 0.0, 0.0, 0.0, 0.0014704295243309336, 0.0
-0.04594998375665832, -0.05871499023323329, -0.0459677731425494, -0.03354847367405207, -0.06077188479554401, -0.08566721358384206, -0.04787691855935689, -0.038056012188206756, -0.058453380697245615, -0.05743377524695506, -0.07015577877132655
0.004030980014233131, 0.004006173983376312, 0.0, 0.0, 0.0, 0.0, 0.0, 0.0033384783194802597, 0.0, 0.0, 0.0
0.0, 0.0, 0.0035284730205888924, 0.004120273875307915, 0.0, 0.0, 0.0, 0.0033384783194802597, 0.0, 0.0, 0.0
0.0, 0.0, 0.0, 0.0075911517428309755, 0.0, 0.0, 0.0, 0.0, 0.0, 0.0, 0.0
0.0, 0.0, 0.0, 0.0, 0.0, 0.0, 0.0, 0.0, 0.006012039976778417, 0.0, 0.0
0.0, 0.0, 0.0, 0.0, 0.0, 0.0, 0.007738077260434156, 0.0, 0.0, 0.0, 0.0
0.0, 0.0, 0.0, 0.0, 0.0, 0.006057585734178254, 0.0, 0.0, 0.0, 0.0, 0.0
0.0, 0.0, 0.0, 0.0, 0.007639503027817161, 0.0, 0.0, 0.0, 0.0, 0.0, 0.0
0.0, 0.0, 0.0, 0.0, 0.0, 0.0, 0.007738077260434156, 0.0, 0.0, 0.0, 0.0
0.0, 0.0, 0.0, 0.0, 0.0, 0.004309506624153594, 0.0, 0.0, 0.00427710431870883, 0.0, 0.0
0.0, 0.0, 0.0, 0.0, 0.0, 0.0, 0.005505047171499429, 0.004375806726063649, 0.0, 0.0, 0.0
0.0, 0.0, 0.0, 0.003212755315598286, 0.0, 0.0, 0.0, 0.005206311178097735, 0.0, 0.0022917171099978745, 0.0
0.0, 0.010501936142552758, 0.0, 0.0, 0.0, 0.0, 0.0, 0.0, 0.0, 0.0, 0.0
0.0, 0.0, 0.0046248363771404415, 0.0, 0.0, 0.0, 0.0, 0.0, 0.00427710431870883, 0.0, 0.0
0.0, 0.0, 0.006500823714727882, 0.0, 0.0, 0.0, 0.0, 0.0, 0.0, 0.0, 0.0
0.0, 0.0, 0.006500823714727882, 0.0, 0.0, 0.0, 0.0, 0.0, 0.0, 0.0, 0.0
0.0, 0.0, 0.0, 0.0, 0.0, 0.0, 0.0, 0.0, 0.0, 0.0054149073380013275, 0.0
0.0, 0.0, 0.0, 0.0, 0.0, 0.006057585734178254, 0.0, 0.0, 0.0, 0.0, 0.0
0.0, 0.0, 0.0, 0.010801041918764702, 0.0, 0.0, 0.0, 0.0, 0.0, 0.0, 0.0
0.0, 0.0, 0.0, 0.0, 0.0, 0.004309506624153594, 0.0, 0.0, 0.00427710431870883, 0.0, 0.0
-0.0, -0.0018252966350528145, -0.0008038230438918221, -0.0009386414658103872, -0.0009446200738728738, -0.0014980338545256685, -0.0019136174399747249, -0.0007605402646053394, -0.0022301556631284386, -0.00066955012008145, -0.001090480526456185
0.0, 0.0, 0.0, 0.0, 0.0, 0.0, 0.005505047171499429, 0.004375806726063649, 0.0, 0.0, 0.0
0.0, 0.0, 0.0, 0.0, 0.0, 0.0, 0.0, 0.006150779360857919, 0.0, 0.0, 0.0
0.0, 0.0, 0.006500823714727882, 0.0, 0.0, 0.0, 0.0, 0.0, 0.0, 0.0, 0.0
0.0, 0.0, 0.0, 0.0, 0.0, 0.0, 0.0, 0.0, 0.006012039976778417, 0.0, 0.0
0.0, 0.0, 0.0, 0.0, 0.007639503027817161, 0.0, 0.0, 0.0, 0.0, 0.0, 0.0
0.0, 0.0, 0.0, 0.00824054775061583, 0.0, 0.0, 0.0, 0.0, 0.0, 0.0029390666920932305, 0.0
0.0, 0.0, 0.0, 0.0, 0.005434919182053577, 0.0, 0.0, 0.004375806726063649, 0.0, 0.0, 0.0
0.0, 0.0, 0.0, 0.0, 0.0, 0.0, 0.0, 0.0, 0.0, 0.0054149073380013275, 0.0
0.0, 0.0, 0.0, 0.0075911517428309755, 0.0, 0.0, 0.0, 0.0, 0.0, 0.0, 0.0
0.004030980014233131, 0.0, 0.0, 0.0, 0.004146517657953189, 0.0, 0.004200021111604197, 0.0, 0.0, 0.0, 0.0
0.0, 0.0, 0.0, 0.0, 0.0, 0.006057585734178254, 0.0, 0.0, 0.0, 0.0, 0.0
0.004910170374796665, 0.0, 0.0021490312073974564, 0.0, 0.0, 0.0, 0.0, 0.0, 0.001987449913608174, 0.0017900508251233892, 0.0
0.007426637618373339, 0.0, 0.0, 0.0, 0.0, 0.0, 0.0, 0.0, 0.0, 0.0, 0.0
0.0, 0.0, 0.0, 0.0, 0.0, 0.0, 0.0, 0.006150779360857919, 0.0, 0.0, 0.0
-0.0009616420568054693, -0.0, -0.0008417625592091235, -0.0009829442542663499, -0.0, -0.0015687393148897304, -0.0, -0.0003982184414720084, -0.0007784721412234751, -0.0, -0.0
0.0, 0.0, 0.0, 0.0, 0.0, 0.0, 0.0, 0.0, 0.0, 0.0054149073380013275, 0.0
0.0, 0.0, 0.0, 0.003212755315598286, 0.0032332187252517787, 0.0, 0.0, 0.0, 0.0025444377938071638, 0.0, 0.003732465734298009
0.0, 0.0, 0.006500823714727882, 0.0, 0.0, 0.0, 0.0, 0.0, 0.0, 0.0, 0.0
0.0, 0.0, 0.0046248363771404415, 0.0, 0.0, 0.0, 0.0, 0.0, 0.0, 0.0, 0.00627413464398832
0.0, 0.0, 0.0, 0.0, 0.0, 0.004309506624153594, 0.0, 0.0, 0.0, 0.0, 0.00627413464398832
0.0, 0.0, 0.006500823714727882, 0.0, 0.0, 0.0, 0.0, 0.0, 0.0, 0.0, 0.0
0.0, 0.0, 0.0046248363771404415, 0.0, 0.0, 0.0, 0.005505047171499429, 0.0, 0.0, 0.0, 0.0
0.0, 0.0, 0.0046248363771404415, 0.0, 0.0, 0.0, 0.005505047171499429, 0.0, 0.0, 0.0, 0.0
0.0, 0.0, 0.006500823714727882, 0.0, 0.0, 0.0, 0.0, 0.0, 0.0, 0.0, 0.0
0.0, 0.0, 0.0, 0.0, 0.0, 0.0, 0.007738077260434156, 0.0, 0.0, 0.0, 0.0
0.0, 0.0, 0.0, 0.0, 0.0, 0.0, 0.007738077260434156, 0.0, 0.0, 0.0, 0.0
0.0, 0.007380935233029503, 0.0, 0.0, 0.0, 0.0, 0.0, 0.0, 0.0, 0.0, 0.0
0.005283481805463849, 0.0, 0.0, 0.0, 0.0, 0.0, 0.0, 0.0, 0.0, 0.003852290345744521, 0.0
0.0, 0.0, 0.002751302655092299, 0.0, 0.0, 0.0025637138376996427, 0.0, 0.0026031555890488676, 0.0, 0.0022917171099978745, 0.0
0.0, 0.0010021542758132365, 0.0008826562049845579, 0.0, 0.0, 0.0008224751000992472, 0.0, 0.0, 0.0, 0.0022056442864964005, 0.0023948539679360427
0.0, 0.0, 0.009249672754280883, 0.0, 0.0, 0.0, 0.0, 0.0, 0.0, 0.0, 0.0
0.004030980014233131, 0.0, 0.0, 0.004120273875307915, 0.0, 0.0, 0.0, 0.0, 0.0, 0.0, 0.0047867887669018425
0.0, 0.0, 0.0, 0.0, 0.0, 0.0, 0.0, 0.0, 0.006012039976778417, 0.0, 0.0
0.0, 0.0, 0.0, 0.0, 0.0, 0.0065757906292792994, 0.004200021111604197, 0.0, 0.0, 0.0, 0.0
0.0, 0.0, 0.0, 0.0, 0.0, 0.0025637138376996427, 0.0, 0.0026031555890488676, 0.0025444377938071638, 0.0022917171099978745, 0.0
0.0, 0.0, 0.006500823714727882, 0.0, 0.0, 0.0, 0.0, 0.0, 0.0, 0.0, 0.0
0.0, 0.0, 0.0, 0.0, 0.0, 0.0, 0.0, 0.006150779360857919, 0.0, 0.0, 0.0
0.0, 0.0, 0.0046248363771404415, 0.0, 0.005434919182053577, 0.0, 0.0, 0.0, 0.0, 0.0, 0.0
-0.026199616171556268, -0.021698656470288912, -0.00382225655980699, -0.031243318651840046, -0.0, -0.01780824079000984, -0.03639774633725882, -0.01808221372524076, -0.010604606545629919, -0.015918878900324823, -0.010370681401241023
0.0, 0.0, 0.0, 0.0, 0.0, 0.004309506624153594, 0.0, 0.0, 0.00427710431870883, 0.0, 0.0
0.0, 0.0, 0.0, 0.0, 0.0, 0.006057585734178254, 0.0, 0.0, 0.0, 0.0, 0.0
0.0, 0.0, 0.0, 0.0, 0.0, 0.0, 0.0, 0.0, 0.0, 0.0054149073380013275, 0.0
0.0, 0.005250968071276379, 0.0, 0.0, 0.0, 0.0, 0.0, 0.0, 0.0, 0.0, 0.00627413464398832
0.0, 0.0, 0.0, 0.0075911517428309755, 0.0, 0.0, 0.0, 0.0, 0.0, 0.0, 0.0
0.0, 0.0, 0.006500823714727882, 0.0, 0.0, 0.0, 0.0, 0.0, 0.0, 0.0, 0.0
0.0037868453675921595, 0.001881770851895796, 0.0, 0.0, 0.0, 0.0, 0.0, 0.00156814237657983, 0.0030655414880507953, 0.0, 0.0
0.0, 0.0, 0.0, 0.0, 0.0, 0.0, 0.0, 0.0, 0.0, 0.007704580691489042, 0.0
0.0, 0.0014102418389699452, 0.0012420829205019844, 0.0, 0.0014596452154943703, 0.0011573954486495763, 0.0, 0.0011752015324749544, 0.0022973864544623165, 0.0, 0.0
-0.0018365987813998908, -0.0, -0.0008038230438918221, -0.0, -0.0018892401477457476, -0.002247050781788503, -0.0019136174399747249, -0.0007605402646053394, -0.0007433852210428129, -0.00200865036024435, -0.0
0.0, 0.0, 0.0, 0.0, 0.0, 0.006057585734178254, 0.0, 0.0, 0.0, 0.0, 0.0
0.0, 0.0, 0.0, 0.0, 0.0, 0.0, 0.007738077260434156, 0.0, 0.0, 0.0, 0.0
0.0, 0.0, 0.0, 0.0, 0.0, 0.0, 0.0, 0.005206311178097735, 0.0025444377938071638, 0.0022917171099978745, 0.0
0.0, 0.0, 0.0, 0.0, 0.0, 0.0, 0.0, 0.0, 0.0, 0.0, 0.00881913217181834
0.0, 0.0, 0.0, 0.0, 0.0, 0.0, 0.0, 0.0, 0.00855420863741766, 0.0, 0.0
-0.0, -0.0007030279473744372, -0.0002063993522102006, -0.00024101696508089883, -0.00048510420997174543, -0.0, -0.00024568180956633555, -0.0, -0.00019088060392371937, -0.0005157654241460318, -0.0
0.0, 0.0, 0.0, 0.0, 0.0, 0.004309506624153594, 0.005505047171499429, 0.0, 0.0, 0.0, 0.0
3.0805977873585424e-05, 0.0, 2.6965666268748218e-05, 0.0, 3.168895176168182e-05, 0.0, 3.209784146183255e-05, 0.0, 4.9876345128662115e-05, 6.738373038262816e-05, 7.316419744976538e-05
0.0018934226837960797, 0.0, 0.0, 0.0, 0.001947692760720171, 0.001544382643601348, 0.0, 0.0, 0.0, 0.004141594990064111, 0.0
0.0, 0.007380935233029503, 0.0, 0.0, 0.0, 0.0, 0.0, 0.0, 0.0, 0.0, 0.0
6.161195574717085e-05, 6.123280525026518e-05, 5.3931332537496436e-05, 3.148838877584839e-05, 3.168895176168182e-05, 0.0, 0.0, 5.1027337708554315e-05, 2.4938172564331057e-05, 0.0, 0.0
0.0, 0.0, 0.0, 0.0, 0.0, 0.006057585734178254, 0.0, 0.0, 0.0, 0.0, 0.0
-0.010363342604457433, -0.0025748920471075007, -0.002267858849078422, -0.007944682740284219, -0.0053301905433754, -0.006339696328105589, -0.0, -0.006437230117768752, -0.012584058876841168, -0.0037780583083970097, -0.0030766173356983006
0.0, 0.0, 0.0, 0.0, 0.0, 0.0, 0.0, 0.0, 0.006012039976778417, 0.0, 0.0
0.0, 0.0, 0.0, 0.0, 0.0, 0.0, 0.007738077260434156, 0.0, 0.0, 0.0, 0.0
0.0, 0.001881770851895796, 0.001657386251669739, 0.0019353655913485243, 0.0, 0.001544382643601348, 0.0, 0.00156814237657983, 0.0, 0.0, 0.0022484394370078445
0.004030980014233131, 0.0, 0.0, 0.0, 0.0, 0.0032878953146396497, 0.0, 0.0, 0.003263174297236344, 0.0, 0.0
0.0, 0.0, 0.0, 0.0, 0.0, 0.0, 0.0, 0.0, 0.0, 0.0, 0.00881913217181834
0.0014189739865796663, 0.0028204836779398904, 0.0, 0.0014504069546368108, 0.0, 0.0011573954486495763, 0.0, 0.0, 0.0, 0.0010346018005987182, 0.0016850316090633536
-0.0, -0.0, -0.0008038230438918221, -0.0018772829316207743, -0.004723100369364369, -0.0, -0.0, -0.0015210805292106787, -0.0, -0.0, -0.005452402632280926
0.0, 0.0, 0.0, 0.0, 0.007639503027817161, 0.0, 0.0, 0.0, 0.0, 0.0, 0.0
0.0, 0.0, 0.0, 0.0, 0.007639503027817161, 0.0, 0.0, 0.0, 0.0, 0.0, 0.0
0.0, 0.0, 0.0, 0.0, 0.0, 0.006057585734178254, 0.0, 0.0, 0.0, 0.0, 0.0
0.0, 0.0, 0.006500823714727882, 0.0, 0.0, 0.0, 0.0, 0.0, 0.0, 0.0, 0.0
0.0, 0.007380935233029503, 0.0, 0.0, 0.0, 0.0, 0.0, 0.0, 0.0, 0.0, 0.0
0.0, 0.0, 0.0, 0.0, 0.001995088127637481, 0.0010546425455861435, 0.0, 0.001606301723277357, 0.0005233564511931238, 0.0, 0.0
0.0, 0.0, 0.006500823714727882, 0.0, 0.0, 0.0, 0.0, 0.0, 0.0, 0.0, 0.0
